0	0.000000e+00	inf
1	0.000000e+00	inf
2	0.000000e+00	inf
3	0.000000e+00	inf
4	0.000000e+00	inf
5	0.000000e+00	inf
6	0.000000e+00	inf
7	0.000000e+00	inf
8	0.000000e+00	inf
9	0.000000e+00	inf
10	0.000000e+00	inf
11	0.000000e+00	inf
12	0.000000e+00	inf
13	0.000000e+00	inf
14	0.000000e+00	inf
15	0.000000e+00	inf
16	0.000000e+00	inf
17	0.000000e+00	inf
18	0.000000e+00	inf
19	0.000000e+00	inf
20	0.000000e+00	inf
21	0.000000e+00	inf
22	0.000000e+00	inf
23	0.000000e+00	inf
24	0.000000e+00	inf
25	0.000000e+00	inf
26	0.000000e+00	inf
27	0.000000e+00	inf
28	0.000000e+00	inf
29	0.000000e+00	inf
30	0.000000e+00	inf
31	0.000000e+00	inf
32	0.000000e+00	inf
33	0.000000e+00	inf
34	0.000000e+00	inf
35	0.000000e+00	inf
36	0.000000e+00	inf
37	0.000000e+00	inf
38	0.000000e+00	inf
39	0.000000e+00	inf
40	0.000000e+00	inf
41	0.000000e+00	inf
42	0.000000e+00	inf
43	0.000000e+00	inf
44	0.000000e+00	inf
45	0.000000e+00	inf
46	0.000000e+00	inf
47	0.000000e+00	inf
48	0.000000e+00	inf
49	0.000000e+00	inf
50	0.000000e+00	inf
51	0.000000e+00	inf
52	0.000000e+00	inf
53	0.000000e+00	inf
54	0.000000e+00	inf
55	0.000000e+00	inf
56	0.000000e+00	inf
57	0.000000e+00	inf
58	0.000000e+00	inf
59	0.000000e+00	inf
60	0.000000e+00	inf
61	0.000000e+00	inf
62	0.000000e+00	inf
63	0.000000e+00	inf
64	0.000000e+00	inf
65	0.000000e+00	inf
66	0.000000e+00	inf
67	0.000000e+00	inf
68	0.000000e+00	inf
69	0.000000e+00	inf
70	0.000000e+00	inf
71	0.000000e+00	inf
72	0.000000e+00	inf
73	0.000000e+00	inf
74	0.000000e+00	inf
75	0.000000e+00	inf
76	0.000000e+00	inf
77	0.000000e+00	inf
78	0.000000e+00	inf
79	0.000000e+00	inf
80	0.000000e+00	inf
81	0.000000e+00	inf
82	0.000000e+00	inf
83	0.000000e+00	inf
84	0.000000e+00	inf
85	0.000000e+00	inf
86	0.000000e+00	inf
87	0.000000e+00	inf
88	0.000000e+00	inf
89	0.000000e+00	inf
90	0.000000e+00	inf
91	0.000000e+00	inf
92	0.000000e+00	inf
93	0.000000e+00	inf
94	0.000000e+00	inf
95	0.000000e+00	inf
96	0.000000e+00	inf
97	0.000000e+00	inf
98	0.000000e+00	inf
99	0.000000e+00	inf
100	0.000000e+00	inf
101	0.000000e+00	inf
102	0.000000e+00	inf
103	0.000000e+00	inf
104	0.000000e+00	inf
105	0.000000e+00	inf
106	0.000000e+00	inf
107	0.000000e+00	inf
108	0.000000e+00	inf
109	0.000000e+00	inf
110	0.000000e+00	inf
111	0.000000e+00	inf
112	0.000000e+00	inf
113	0.000000e+00	inf
114	0.000000e+00	inf
115	0.000000e+00	inf
116	0.000000e+00	inf
117	0.000000e+00	inf
118	0.000000e+00	inf
119	0.000000e+00	inf
120	0.000000e+00	inf
121	0.000000e+00	inf
122	0.000000e+00	inf
123	0.000000e+00	inf
124	0.000000e+00	inf
125	0.000000e+00	inf
126	0.000000e+00	inf
127	0.000000e+00	inf
128	0.000000e+00	inf
129	0.000000e+00	inf
130	0.000000e+00	inf
131	0.000000e+00	inf
132	0.000000e+00	inf
133	0.000000e+00	inf
134	0.000000e+00	inf
135	0.000000e+00	inf
136	0.000000e+00	inf
137	0.000000e+00	inf
138	0.000000e+00	inf
139	0.000000e+00	inf
140	0.000000e+00	inf
141	0.000000e+00	inf
142	0.000000e+00	inf
143	0.000000e+00	inf
144	0.000000e+00	inf
145	0.000000e+00	inf
146	0.000000e+00	inf
147	0.000000e+00	inf
148	0.000000e+00	inf
149	0.000000e+00	inf
150	0.000000e+00	inf
151	0.000000e+00	inf
152	0.000000e+00	inf
153	0.000000e+00	inf
154	0.000000e+00	inf
155	0.000000e+00	inf
156	0.000000e+00	inf
157	0.000000e+00	inf
158	0.000000e+00	inf
159	0.000000e+00	inf
160	0.000000e+00	inf
161	0.000000e+00	inf
162	0.000000e+00	inf
163	0.000000e+00	inf
164	0.000000e+00	inf
165	0.000000e+00	inf
166	0.000000e+00	inf
167	0.000000e+00	inf
168	0.000000e+00	inf
169	0.000000e+00	inf
170	0.000000e+00	inf
171	0.000000e+00	inf
172	0.000000e+00	inf
173	0.000000e+00	inf
174	0.000000e+00	inf
175	0.000000e+00	inf
176	0.000000e+00	inf
177	0.000000e+00	inf
178	0.000000e+00	inf
179	0.000000e+00	inf
180	0.000000e+00	inf
181	0.000000e+00	inf
182	0.000000e+00	inf
183	0.000000e+00	inf
184	0.000000e+00	inf
185	0.000000e+00	inf
186	0.000000e+00	inf
187	0.000000e+00	inf
188	0.000000e+00	inf
189	0.000000e+00	inf
190	0.000000e+00	inf
191	0.000000e+00	inf
192	0.000000e+00	inf
193	0.000000e+00	inf
194	0.000000e+00	inf
195	0.000000e+00	inf
196	0.000000e+00	inf
197	0.000000e+00	inf
198	0.000000e+00	inf
199	0.000000e+00	inf
200	0.000000e+00	inf
201	0.000000e+00	inf
202	0.000000e+00	inf
203	0.000000e+00	inf
204	0.000000e+00	inf
205	0.000000e+00	inf
206	0.000000e+00	inf
207	0.000000e+00	inf
208	0.000000e+00	inf
209	0.000000e+00	inf
210	0.000000e+00	inf
211	0.000000e+00	inf
212	0.000000e+00	inf
213	0.000000e+00	inf
214	0.000000e+00	inf
215	0.000000e+00	inf
216	0.000000e+00	inf
217	0.000000e+00	inf
218	0.000000e+00	inf
219	0.000000e+00	inf
220	0.000000e+00	inf
221	0.000000e+00	inf
222	0.000000e+00	inf
223	0.000000e+00	inf
224	0.000000e+00	inf
225	0.000000e+00	inf
226	0.000000e+00	inf
227	0.000000e+00	inf
228	0.000000e+00	inf
229	0.000000e+00	inf
230	0.000000e+00	inf
231	0.000000e+00	inf
232	0.000000e+00	inf
233	0.000000e+00	inf
234	0.000000e+00	inf
235	0.000000e+00	inf
236	0.000000e+00	inf
237	0.000000e+00	inf
238	0.000000e+00	inf
239	0.000000e+00	inf
240	0.000000e+00	inf
241	0.000000e+00	inf
242	0.000000e+00	inf
243	0.000000e+00	inf
244	0.000000e+00	inf
245	0.000000e+00	inf
246	0.000000e+00	inf
247	0.000000e+00	inf
248	0.000000e+00	inf
249	0.000000e+00	inf
250	0.000000e+00	inf
251	0.000000e+00	inf
252	0.000000e+00	inf
253	0.000000e+00	inf
254	0.000000e+00	inf
255	0.000000e+00	inf
256	0.000000e+00	inf
257	0.000000e+00	inf
258	0.000000e+00	inf
259	0.000000e+00	inf
260	0.000000e+00	inf
261	0.000000e+00	inf
262	0.000000e+00	inf
263	0.000000e+00	inf
264	0.000000e+00	inf
265	0.000000e+00	inf
266	0.000000e+00	inf
267	0.000000e+00	inf
268	0.000000e+00	inf
269	0.000000e+00	inf
270	0.000000e+00	inf
271	0.000000e+00	inf
272	0.000000e+00	inf
273	0.000000e+00	inf
274	0.000000e+00	inf
275	0.000000e+00	inf
276	0.000000e+00	inf
277	0.000000e+00	inf
278	0.000000e+00	inf
279	0.000000e+00	inf
280	0.000000e+00	inf
281	0.000000e+00	inf
282	0.000000e+00	inf
283	0.000000e+00	inf
284	0.000000e+00	inf
285	0.000000e+00	inf
286	0.000000e+00	inf
287	0.000000e+00	inf
288	0.000000e+00	inf
289	0.000000e+00	inf
290	0.000000e+00	inf
291	0.000000e+00	inf
292	0.000000e+00	inf
293	0.000000e+00	inf
294	0.000000e+00	inf
295	0.000000e+00	inf
296	0.000000e+00	inf
297	0.000000e+00	inf
298	0.000000e+00	inf
299	0.000000e+00	inf
300	0.000000e+00	inf
301	0.000000e+00	inf
302	0.000000e+00	inf
303	0.000000e+00	inf
304	0.000000e+00	inf
305	0.000000e+00	inf
306	0.000000e+00	inf
307	0.000000e+00	inf
308	0.000000e+00	inf
309	0.000000e+00	inf
310	0.000000e+00	inf
311	0.000000e+00	inf
312	0.000000e+00	inf
313	0.000000e+00	inf
314	0.000000e+00	inf
315	0.000000e+00	inf
316	0.000000e+00	inf
317	0.000000e+00	inf
318	0.000000e+00	inf
319	0.000000e+00	inf
320	0.000000e+00	inf
321	0.000000e+00	inf
322	0.000000e+00	inf
323	0.000000e+00	inf
324	0.000000e+00	inf
325	0.000000e+00	inf
326	0.000000e+00	inf
327	0.000000e+00	inf
328	0.000000e+00	inf
329	0.000000e+00	inf
330	0.000000e+00	inf
331	0.000000e+00	inf
332	0.000000e+00	inf
333	0.000000e+00	inf
334	0.000000e+00	inf
335	0.000000e+00	inf
336	0.000000e+00	inf
337	0.000000e+00	inf
338	0.000000e+00	inf
339	0.000000e+00	inf
340	0.000000e+00	inf
341	0.000000e+00	inf
342	0.000000e+00	inf
343	0.000000e+00	inf
344	0.000000e+00	inf
345	0.000000e+00	inf
346	0.000000e+00	inf
347	0.000000e+00	inf
348	0.000000e+00	inf
349	0.000000e+00	inf
350	0.000000e+00	inf
351	0.000000e+00	inf
352	0.000000e+00	inf
353	0.000000e+00	inf
354	0.000000e+00	inf
355	0.000000e+00	inf
356	0.000000e+00	inf
357	0.000000e+00	inf
358	0.000000e+00	inf
359	0.000000e+00	inf
360	0.000000e+00	inf
361	0.000000e+00	inf
362	0.000000e+00	inf
363	0.000000e+00	inf
364	0.000000e+00	inf
365	0.000000e+00	inf
366	0.000000e+00	inf
367	0.000000e+00	inf
368	0.000000e+00	inf
369	0.000000e+00	inf
370	0.000000e+00	inf
371	0.000000e+00	inf
372	0.000000e+00	inf
373	0.000000e+00	inf
374	0.000000e+00	inf
375	0.000000e+00	inf
376	0.000000e+00	inf
377	0.000000e+00	inf
378	0.000000e+00	inf
379	0.000000e+00	inf
380	0.000000e+00	inf
381	0.000000e+00	inf
382	0.000000e+00	inf
383	0.000000e+00	inf
384	0.000000e+00	inf
385	0.000000e+00	inf
386	0.000000e+00	inf
387	0.000000e+00	inf
388	0.000000e+00	inf
389	0.000000e+00	inf
390	0.000000e+00	inf
391	0.000000e+00	inf
392	0.000000e+00	inf
393	0.000000e+00	inf
394	0.000000e+00	inf
395	0.000000e+00	inf
396	0.000000e+00	inf
397	0.000000e+00	inf
398	0.000000e+00	inf
399	0.000000e+00	inf
400	0.000000e+00	inf
401	0.000000e+00	inf
402	0.000000e+00	inf
403	0.000000e+00	inf
404	0.000000e+00	inf
405	0.000000e+00	inf
406	0.000000e+00	inf
407	0.000000e+00	inf
408	0.000000e+00	inf
409	0.000000e+00	inf
410	0.000000e+00	inf
411	0.000000e+00	inf
412	0.000000e+00	inf
413	0.000000e+00	inf
414	0.000000e+00	inf
415	0.000000e+00	inf
416	0.000000e+00	inf
417	0.000000e+00	inf
418	0.000000e+00	inf
419	0.000000e+00	inf
420	0.000000e+00	inf
421	0.000000e+00	inf
422	0.000000e+00	inf
423	0.000000e+00	inf
424	0.000000e+00	inf
425	0.000000e+00	inf
426	0.000000e+00	inf
427	0.000000e+00	inf
428	0.000000e+00	inf
429	0.000000e+00	inf
430	0.000000e+00	inf
431	0.000000e+00	inf
432	0.000000e+00	inf
433	0.000000e+00	inf
434	0.000000e+00	inf
435	0.000000e+00	inf
436	0.000000e+00	inf
437	0.000000e+00	inf
438	0.000000e+00	inf
439	0.000000e+00	inf
440	0.000000e+00	inf
441	0.000000e+00	inf
442	0.000000e+00	inf
443	0.000000e+00	inf
444	0.000000e+00	inf
445	0.000000e+00	inf
446	0.000000e+00	inf
447	0.000000e+00	inf
448	0.000000e+00	inf
449	0.000000e+00	inf
450	0.000000e+00	inf
451	0.000000e+00	inf
452	0.000000e+00	inf
453	0.000000e+00	inf
454	0.000000e+00	inf
455	0.000000e+00	inf
456	0.000000e+00	inf
457	0.000000e+00	inf
458	0.000000e+00	inf
459	0.000000e+00	inf
460	0.000000e+00	inf
461	0.000000e+00	inf
462	0.000000e+00	inf
463	0.000000e+00	inf
464	0.000000e+00	inf
465	0.000000e+00	inf
466	0.000000e+00	inf
467	0.000000e+00	inf
468	0.000000e+00	inf
469	0.000000e+00	inf
470	0.000000e+00	inf
471	0.000000e+00	inf
472	0.000000e+00	inf
473	0.000000e+00	inf
474	0.000000e+00	inf
475	0.000000e+00	inf
476	0.000000e+00	inf
477	0.000000e+00	inf
478	0.000000e+00	inf
479	0.000000e+00	inf
480	0.000000e+00	inf
481	0.000000e+00	inf
482	0.000000e+00	inf
483	0.000000e+00	inf
484	0.000000e+00	inf
485	0.000000e+00	inf
486	0.000000e+00	inf
487	0.000000e+00	inf
488	0.000000e+00	inf
489	0.000000e+00	inf
490	0.000000e+00	inf
491	0.000000e+00	inf
492	0.000000e+00	inf
493	0.000000e+00	inf
494	0.000000e+00	inf
495	0.000000e+00	inf
496	0.000000e+00	inf
497	0.000000e+00	inf
498	0.000000e+00	inf
499	0.000000e+00	inf
500	0.000000e+00	inf
501	0.000000e+00	inf
502	0.000000e+00	inf
503	0.000000e+00	inf
504	0.000000e+00	inf
505	0.000000e+00	inf
506	0.000000e+00	inf
507	0.000000e+00	inf
508	0.000000e+00	inf
509	0.000000e+00	inf
510	0.000000e+00	inf
511	0.000000e+00	inf
512	0.000000e+00	inf
513	0.000000e+00	inf
514	0.000000e+00	inf
515	0.000000e+00	inf
516	0.000000e+00	inf
517	0.000000e+00	inf
518	0.000000e+00	inf
519	0.000000e+00	inf
520	0.000000e+00	inf
521	0.000000e+00	inf
522	0.000000e+00	inf
523	0.000000e+00	inf
524	0.000000e+00	inf
525	0.000000e+00	inf
526	0.000000e+00	inf
527	0.000000e+00	inf
528	0.000000e+00	inf
529	0.000000e+00	inf
530	0.000000e+00	inf
531	0.000000e+00	inf
532	0.000000e+00	inf
533	0.000000e+00	inf
534	0.000000e+00	inf
535	0.000000e+00	inf
536	0.000000e+00	inf
537	0.000000e+00	inf
538	0.000000e+00	inf
539	0.000000e+00	inf
540	0.000000e+00	inf
541	0.000000e+00	inf
542	0.000000e+00	inf
543	0.000000e+00	inf
544	0.000000e+00	inf
545	0.000000e+00	inf
546	0.000000e+00	inf
547	0.000000e+00	inf
548	0.000000e+00	inf
549	0.000000e+00	inf
550	0.000000e+00	inf
551	0.000000e+00	inf
552	0.000000e+00	inf
553	0.000000e+00	inf
554	0.000000e+00	inf
555	0.000000e+00	inf
556	0.000000e+00	inf
557	0.000000e+00	inf
558	0.000000e+00	inf
559	0.000000e+00	inf
560	0.000000e+00	inf
561	0.000000e+00	inf
562	0.000000e+00	inf
563	0.000000e+00	inf
564	0.000000e+00	inf
565	0.000000e+00	inf
566	0.000000e+00	inf
567	0.000000e+00	inf
568	0.000000e+00	inf
569	0.000000e+00	inf
570	0.000000e+00	inf
571	0.000000e+00	inf
572	0.000000e+00	inf
573	0.000000e+00	inf
574	0.000000e+00	inf
575	0.000000e+00	inf
576	0.000000e+00	inf
577	0.000000e+00	inf
578	0.000000e+00	inf
579	0.000000e+00	inf
580	0.000000e+00	inf
581	0.000000e+00	inf
582	0.000000e+00	inf
583	0.000000e+00	inf
584	0.000000e+00	inf
585	0.000000e+00	inf
586	0.000000e+00	inf
587	0.000000e+00	inf
588	0.000000e+00	inf
589	0.000000e+00	inf
590	0.000000e+00	inf
591	0.000000e+00	inf
592	0.000000e+00	inf
593	0.000000e+00	inf
594	0.000000e+00	inf
595	0.000000e+00	inf
596	0.000000e+00	inf
597	0.000000e+00	inf
598	0.000000e+00	inf
599	0.000000e+00	inf
600	0.000000e+00	inf
601	0.000000e+00	inf
602	0.000000e+00	inf
603	0.000000e+00	inf
604	0.000000e+00	inf
605	0.000000e+00	inf
606	0.000000e+00	inf
607	0.000000e+00	inf
608	0.000000e+00	inf
609	0.000000e+00	inf
610	0.000000e+00	inf
611	0.000000e+00	inf
612	0.000000e+00	inf
613	0.000000e+00	inf
614	0.000000e+00	inf
615	0.000000e+00	inf
616	0.000000e+00	inf
617	0.000000e+00	inf
618	0.000000e+00	inf
619	0.000000e+00	inf
620	0.000000e+00	inf
621	0.000000e+00	inf
622	0.000000e+00	inf
623	0.000000e+00	inf
624	0.000000e+00	inf
625	0.000000e+00	inf
626	0.000000e+00	inf
627	0.000000e+00	inf
628	0.000000e+00	inf
629	0.000000e+00	inf
630	0.000000e+00	inf
631	0.000000e+00	inf
632	0.000000e+00	inf
633	0.000000e+00	inf
634	0.000000e+00	inf
635	0.000000e+00	inf
636	0.000000e+00	inf
637	0.000000e+00	inf
638	0.000000e+00	inf
639	0.000000e+00	inf
640	0.000000e+00	inf
641	0.000000e+00	inf
642	0.000000e+00	inf
643	0.000000e+00	inf
644	0.000000e+00	inf
645	0.000000e+00	inf
646	0.000000e+00	inf
647	0.000000e+00	inf
648	0.000000e+00	inf
649	0.000000e+00	inf
650	0.000000e+00	inf
651	0.000000e+00	inf
652	0.000000e+00	inf
653	0.000000e+00	inf
654	0.000000e+00	inf
655	0.000000e+00	inf
656	0.000000e+00	inf
657	0.000000e+00	inf
658	0.000000e+00	inf
659	0.000000e+00	inf
660	0.000000e+00	inf
661	0.000000e+00	inf
662	0.000000e+00	inf
663	0.000000e+00	inf
664	0.000000e+00	inf
665	0.000000e+00	inf
666	0.000000e+00	inf
667	0.000000e+00	inf
668	0.000000e+00	inf
669	0.000000e+00	inf
670	0.000000e+00	inf
671	0.000000e+00	inf
672	0.000000e+00	inf
673	0.000000e+00	inf
674	0.000000e+00	inf
675	0.000000e+00	inf
676	0.000000e+00	inf
677	0.000000e+00	inf
678	0.000000e+00	inf
679	0.000000e+00	inf
680	0.000000e+00	inf
681	0.000000e+00	inf
682	0.000000e+00	inf
683	0.000000e+00	inf
684	0.000000e+00	inf
685	0.000000e+00	inf
686	0.000000e+00	inf
687	0.000000e+00	inf
688	0.000000e+00	inf
689	0.000000e+00	inf
690	0.000000e+00	inf
691	0.000000e+00	inf
692	0.000000e+00	inf
693	0.000000e+00	inf
694	0.000000e+00	inf
695	0.000000e+00	inf
696	0.000000e+00	inf
697	0.000000e+00	inf
698	0.000000e+00	inf
699	0.000000e+00	inf
700	0.000000e+00	inf
701	0.000000e+00	inf
702	0.000000e+00	inf
703	0.000000e+00	inf
704	0.000000e+00	inf
705	0.000000e+00	inf
706	0.000000e+00	inf
707	0.000000e+00	inf
708	0.000000e+00	inf
709	0.000000e+00	inf
710	0.000000e+00	inf
711	0.000000e+00	inf
712	0.000000e+00	inf
713	0.000000e+00	inf
714	0.000000e+00	inf
715	0.000000e+00	inf
716	0.000000e+00	inf
717	0.000000e+00	inf
718	0.000000e+00	inf
719	0.000000e+00	inf
720	0.000000e+00	inf
721	0.000000e+00	inf
722	0.000000e+00	inf
723	0.000000e+00	inf
724	0.000000e+00	inf
725	0.000000e+00	inf
726	0.000000e+00	inf
727	0.000000e+00	inf
728	0.000000e+00	inf
729	0.000000e+00	inf
730	0.000000e+00	inf
731	0.000000e+00	inf
732	0.000000e+00	inf
733	0.000000e+00	inf
734	0.000000e+00	inf
735	0.000000e+00	inf
736	0.000000e+00	inf
737	0.000000e+00	inf
738	0.000000e+00	inf
739	0.000000e+00	inf
740	0.000000e+00	inf
741	0.000000e+00	inf
742	0.000000e+00	inf
743	0.000000e+00	inf
744	0.000000e+00	inf
745	0.000000e+00	inf
746	0.000000e+00	inf
747	0.000000e+00	inf
748	0.000000e+00	inf
749	0.000000e+00	inf
750	0.000000e+00	inf
751	0.000000e+00	inf
752	0.000000e+00	inf
753	0.000000e+00	inf
754	0.000000e+00	inf
755	0.000000e+00	inf
756	0.000000e+00	inf
757	0.000000e+00	inf
758	0.000000e+00	inf
759	0.000000e+00	inf
760	0.000000e+00	inf
761	0.000000e+00	inf
762	0.000000e+00	inf
763	0.000000e+00	inf
764	0.000000e+00	inf
765	0.000000e+00	inf
766	0.000000e+00	inf
767	0.000000e+00	inf
768	0.000000e+00	inf
769	0.000000e+00	inf
770	0.000000e+00	inf
771	0.000000e+00	inf
772	0.000000e+00	inf
773	0.000000e+00	inf
774	0.000000e+00	inf
775	0.000000e+00	inf
776	0.000000e+00	inf
777	0.000000e+00	inf
778	0.000000e+00	inf
779	0.000000e+00	inf
780	0.000000e+00	inf
781	0.000000e+00	inf
782	0.000000e+00	inf
783	0.000000e+00	inf
784	0.000000e+00	inf
785	0.000000e+00	inf
786	0.000000e+00	inf
787	0.000000e+00	inf
788	0.000000e+00	inf
789	0.000000e+00	inf
790	0.000000e+00	inf
791	0.000000e+00	inf
792	0.000000e+00	inf
793	0.000000e+00	inf
794	0.000000e+00	inf
795	0.000000e+00	inf
796	0.000000e+00	inf
797	0.000000e+00	inf
798	0.000000e+00	inf
799	0.000000e+00	inf
800	0.000000e+00	inf
801	0.000000e+00	inf
802	0.000000e+00	inf
803	0.000000e+00	inf
804	0.000000e+00	inf
805	0.000000e+00	inf
806	0.000000e+00	inf
807	0.000000e+00	inf
808	0.000000e+00	inf
809	0.000000e+00	inf
810	0.000000e+00	inf
811	0.000000e+00	inf
812	0.000000e+00	inf
813	0.000000e+00	inf
814	0.000000e+00	inf
815	0.000000e+00	inf
816	0.000000e+00	inf
817	0.000000e+00	inf
818	0.000000e+00	inf
819	0.000000e+00	inf
820	0.000000e+00	inf
821	0.000000e+00	inf
822	0.000000e+00	inf
823	0.000000e+00	inf
824	0.000000e+00	inf
825	0.000000e+00	inf
826	0.000000e+00	inf
827	0.000000e+00	inf
828	0.000000e+00	inf
829	0.000000e+00	inf
830	0.000000e+00	inf
831	0.000000e+00	inf
832	0.000000e+00	inf
833	0.000000e+00	inf
834	0.000000e+00	inf
835	0.000000e+00	inf
836	0.000000e+00	inf
837	0.000000e+00	inf
838	0.000000e+00	inf
839	0.000000e+00	inf
840	0.000000e+00	inf
841	0.000000e+00	inf
842	0.000000e+00	inf
843	0.000000e+00	inf
844	0.000000e+00	inf
845	0.000000e+00	inf
846	0.000000e+00	inf
847	0.000000e+00	inf
848	0.000000e+00	inf
849	0.000000e+00	inf
850	0.000000e+00	inf
851	0.000000e+00	inf
852	0.000000e+00	inf
853	0.000000e+00	inf
854	0.000000e+00	inf
855	0.000000e+00	inf
856	0.000000e+00	inf
857	0.000000e+00	inf
858	0.000000e+00	inf
859	0.000000e+00	inf
860	0.000000e+00	inf
861	0.000000e+00	inf
862	0.000000e+00	inf
863	0.000000e+00	inf
864	0.000000e+00	inf
865	0.000000e+00	inf
866	0.000000e+00	inf
867	0.000000e+00	inf
868	0.000000e+00	inf
869	0.000000e+00	inf
870	0.000000e+00	inf
871	0.000000e+00	inf
872	0.000000e+00	inf
873	0.000000e+00	inf
874	0.000000e+00	inf
875	0.000000e+00	inf
876	0.000000e+00	inf
877	0.000000e+00	inf
878	0.000000e+00	inf
879	0.000000e+00	inf
880	0.000000e+00	inf
881	0.000000e+00	inf
882	0.000000e+00	inf
883	0.000000e+00	inf
884	0.000000e+00	inf
885	0.000000e+00	inf
886	0.000000e+00	inf
887	0.000000e+00	inf
888	0.000000e+00	inf
889	0.000000e+00	inf
890	0.000000e+00	inf
891	0.000000e+00	inf
892	0.000000e+00	inf
893	0.000000e+00	inf
894	0.000000e+00	inf
895	0.000000e+00	inf
896	0.000000e+00	inf
897	0.000000e+00	inf
898	0.000000e+00	inf
899	0.000000e+00	inf
900	0.000000e+00	inf
901	0.000000e+00	inf
902	0.000000e+00	inf
903	0.000000e+00	inf
904	0.000000e+00	inf
905	0.000000e+00	inf
906	0.000000e+00	inf
907	0.000000e+00	inf
908	0.000000e+00	inf
909	0.000000e+00	inf
910	0.000000e+00	inf
911	0.000000e+00	inf
912	0.000000e+00	inf
913	0.000000e+00	inf
914	0.000000e+00	inf
915	0.000000e+00	inf
916	0.000000e+00	inf
917	0.000000e+00	inf
918	0.000000e+00	inf
919	0.000000e+00	inf
920	0.000000e+00	inf
921	0.000000e+00	inf
922	0.000000e+00	inf
923	0.000000e+00	inf
924	0.000000e+00	inf
925	0.000000e+00	inf
926	0.000000e+00	inf
927	0.000000e+00	inf
928	0.000000e+00	inf
929	0.000000e+00	inf
930	0.000000e+00	inf
931	0.000000e+00	inf
932	0.000000e+00	inf
933	0.000000e+00	inf
934	0.000000e+00	inf
935	0.000000e+00	inf
936	0.000000e+00	inf
937	0.000000e+00	inf
938	0.000000e+00	inf
939	0.000000e+00	inf
940	0.000000e+00	inf
941	0.000000e+00	inf
942	0.000000e+00	inf
943	0.000000e+00	inf
944	0.000000e+00	inf
945	0.000000e+00	inf
946	0.000000e+00	inf
947	0.000000e+00	inf
948	0.000000e+00	inf
949	0.000000e+00	inf
950	0.000000e+00	inf
951	0.000000e+00	inf
952	0.000000e+00	inf
953	0.000000e+00	inf
954	0.000000e+00	inf
955	0.000000e+00	inf
956	0.000000e+00	inf
957	0.000000e+00	inf
958	0.000000e+00	inf
959	0.000000e+00	inf
960	0.000000e+00	inf
961	0.000000e+00	inf
962	0.000000e+00	inf
963	0.000000e+00	inf
964	0.000000e+00	inf
965	0.000000e+00	inf
966	0.000000e+00	inf
967	0.000000e+00	inf
968	0.000000e+00	inf
969	0.000000e+00	inf
970	0.000000e+00	inf
971	0.000000e+00	inf
972	0.000000e+00	inf
973	0.000000e+00	inf
974	0.000000e+00	inf
975	0.000000e+00	inf
976	0.000000e+00	inf
977	0.000000e+00	inf
978	0.000000e+00	inf
979	0.000000e+00	inf
980	0.000000e+00	inf
981	0.000000e+00	inf
982	0.000000e+00	inf
983	0.000000e+00	inf
984	0.000000e+00	inf
985	0.000000e+00	inf
986	0.000000e+00	inf
987	0.000000e+00	inf
988	0.000000e+00	inf
989	0.000000e+00	inf
990	0.000000e+00	inf
991	0.000000e+00	inf
992	0.000000e+00	inf
993	0.000000e+00	inf
994	0.000000e+00	inf
995	0.000000e+00	inf
996	0.000000e+00	inf
997	0.000000e+00	inf
998	0.000000e+00	inf
999	0.000000e+00	inf
1000	0.000000e+00	inf
1001	0.000000e+00	inf
1002	0.000000e+00	inf
1003	0.000000e+00	inf
1004	0.000000e+00	inf
1005	0.000000e+00	inf
1006	0.000000e+00	inf
1007	0.000000e+00	inf
1008	0.000000e+00	inf
1009	0.000000e+00	inf
1010	0.000000e+00	inf
1011	0.000000e+00	inf
1012	0.000000e+00	inf
1013	0.000000e+00	inf
1014	0.000000e+00	inf
1015	0.000000e+00	inf
1016	0.000000e+00	inf
1017	0.000000e+00	inf
1018	0.000000e+00	inf
1019	0.000000e+00	inf
1020	0.000000e+00	inf
1021	0.000000e+00	inf
1022	0.000000e+00	inf
1023	0.000000e+00	inf
1024	0.000000e+00	inf
1025	0.000000e+00	inf
1026	0.000000e+00	inf
1027	0.000000e+00	inf
1028	0.000000e+00	inf
1029	0.000000e+00	inf
1030	0.000000e+00	inf
1031	0.000000e+00	inf
1032	0.000000e+00	inf
1033	0.000000e+00	inf
1034	0.000000e+00	inf
1035	0.000000e+00	inf
1036	0.000000e+00	inf
1037	0.000000e+00	inf
1038	0.000000e+00	inf
1039	0.000000e+00	inf
1040	0.000000e+00	inf
1041	0.000000e+00	inf
1042	0.000000e+00	inf
1043	0.000000e+00	inf
1044	0.000000e+00	inf
1045	0.000000e+00	inf
1046	0.000000e+00	inf
1047	0.000000e+00	inf
1048	0.000000e+00	inf
1049	0.000000e+00	inf
1050	0.000000e+00	inf
1051	0.000000e+00	inf
1052	0.000000e+00	inf
1053	0.000000e+00	inf
1054	0.000000e+00	inf
1055	0.000000e+00	inf
1056	0.000000e+00	inf
1057	0.000000e+00	inf
1058	0.000000e+00	inf
1059	0.000000e+00	inf
1060	0.000000e+00	inf
1061	0.000000e+00	inf
1062	0.000000e+00	inf
1063	0.000000e+00	inf
1064	0.000000e+00	inf
1065	0.000000e+00	inf
1066	0.000000e+00	inf
1067	0.000000e+00	inf
1068	0.000000e+00	inf
1069	0.000000e+00	inf
1070	0.000000e+00	inf
1071	0.000000e+00	inf
1072	0.000000e+00	inf
1073	0.000000e+00	inf
1074	0.000000e+00	inf
1075	0.000000e+00	inf
1076	0.000000e+00	inf
1077	0.000000e+00	inf
1078	0.000000e+00	inf
1079	0.000000e+00	inf
1080	0.000000e+00	inf
1081	0.000000e+00	inf
1082	0.000000e+00	inf
1083	0.000000e+00	inf
1084	0.000000e+00	inf
1085	0.000000e+00	inf
1086	0.000000e+00	inf
1087	0.000000e+00	inf
1088	0.000000e+00	inf
1089	0.000000e+00	inf
1090	0.000000e+00	inf
1091	0.000000e+00	inf
1092	0.000000e+00	inf
1093	0.000000e+00	inf
1094	0.000000e+00	inf
1095	0.000000e+00	inf
1096	0.000000e+00	inf
1097	0.000000e+00	inf
1098	0.000000e+00	inf
1099	0.000000e+00	inf
1100	0.000000e+00	inf
1101	0.000000e+00	inf
1102	0.000000e+00	inf
1103	0.000000e+00	inf
1104	0.000000e+00	inf
1105	0.000000e+00	inf
1106	0.000000e+00	inf
1107	0.000000e+00	inf
1108	0.000000e+00	inf
1109	0.000000e+00	inf
1110	0.000000e+00	inf
1111	0.000000e+00	inf
1112	0.000000e+00	inf
1113	0.000000e+00	inf
1114	0.000000e+00	inf
1115	0.000000e+00	inf
1116	0.000000e+00	inf
1117	0.000000e+00	inf
1118	0.000000e+00	inf
1119	0.000000e+00	inf
1120	0.000000e+00	inf
1121	0.000000e+00	inf
1122	0.000000e+00	inf
1123	0.000000e+00	inf
1124	0.000000e+00	inf
1125	0.000000e+00	inf
1126	0.000000e+00	inf
1127	0.000000e+00	inf
1128	0.000000e+00	inf
1129	0.000000e+00	inf
1130	0.000000e+00	inf
1131	0.000000e+00	inf
1132	0.000000e+00	inf
1133	0.000000e+00	inf
1134	0.000000e+00	inf
1135	0.000000e+00	inf
1136	0.000000e+00	inf
1137	0.000000e+00	inf
1138	0.000000e+00	inf
1139	0.000000e+00	inf
1140	0.000000e+00	inf
1141	0.000000e+00	inf
1142	0.000000e+00	inf
1143	0.000000e+00	inf
1144	0.000000e+00	inf
1145	0.000000e+00	inf
1146	0.000000e+00	inf
1147	0.000000e+00	inf
1148	0.000000e+00	inf
1149	0.000000e+00	inf
1150	0.000000e+00	inf
1151	0.000000e+00	inf
1152	0.000000e+00	inf
1153	0.000000e+00	inf
1154	0.000000e+00	inf
1155	0.000000e+00	inf
1156	0.000000e+00	inf
1157	0.000000e+00	inf
1158	0.000000e+00	inf
1159	0.000000e+00	inf
1160	0.000000e+00	inf
1161	0.000000e+00	inf
1162	0.000000e+00	inf
1163	0.000000e+00	inf
1164	0.000000e+00	inf
1165	0.000000e+00	inf
1166	0.000000e+00	inf
1167	0.000000e+00	inf
1168	0.000000e+00	inf
1169	0.000000e+00	inf
1170	0.000000e+00	inf
1171	0.000000e+00	inf
1172	0.000000e+00	inf
1173	0.000000e+00	inf
1174	0.000000e+00	inf
1175	0.000000e+00	inf
1176	0.000000e+00	inf
1177	0.000000e+00	inf
1178	0.000000e+00	inf
1179	0.000000e+00	inf
1180	0.000000e+00	inf
1181	0.000000e+00	inf
1182	0.000000e+00	inf
1183	0.000000e+00	inf
1184	0.000000e+00	inf
1185	0.000000e+00	inf
1186	0.000000e+00	inf
1187	0.000000e+00	inf
1188	0.000000e+00	inf
1189	0.000000e+00	inf
1190	0.000000e+00	inf
1191	0.000000e+00	inf
1192	0.000000e+00	inf
1193	0.000000e+00	inf
1194	0.000000e+00	inf
1195	0.000000e+00	inf
1196	0.000000e+00	inf
1197	0.000000e+00	inf
1198	0.000000e+00	inf
1199	0.000000e+00	inf
1200	0.000000e+00	inf
1201	0.000000e+00	inf
1202	0.000000e+00	inf
1203	0.000000e+00	inf
1204	0.000000e+00	inf
1205	0.000000e+00	inf
1206	0.000000e+00	inf
1207	0.000000e+00	inf
1208	0.000000e+00	inf
1209	0.000000e+00	inf
1210	0.000000e+00	inf
1211	0.000000e+00	inf
1212	0.000000e+00	inf
1213	0.000000e+00	inf
1214	0.000000e+00	inf
1215	0.000000e+00	inf
1216	0.000000e+00	inf
1217	0.000000e+00	inf
1218	0.000000e+00	inf
1219	0.000000e+00	inf
1220	0.000000e+00	inf
1221	0.000000e+00	inf
1222	0.000000e+00	inf
1223	0.000000e+00	inf
1224	0.000000e+00	inf
1225	0.000000e+00	inf
1226	0.000000e+00	inf
1227	0.000000e+00	inf
1228	0.000000e+00	inf
1229	0.000000e+00	inf
1230	0.000000e+00	inf
1231	0.000000e+00	inf
1232	0.000000e+00	inf
1233	0.000000e+00	inf
1234	0.000000e+00	inf
1235	0.000000e+00	inf
1236	0.000000e+00	inf
1237	0.000000e+00	inf
1238	0.000000e+00	inf
1239	0.000000e+00	inf
1240	0.000000e+00	inf
1241	0.000000e+00	inf
1242	0.000000e+00	inf
1243	0.000000e+00	inf
1244	0.000000e+00	inf
1245	0.000000e+00	inf
1246	0.000000e+00	inf
1247	0.000000e+00	inf
1248	0.000000e+00	inf
1249	0.000000e+00	inf
1250	0.000000e+00	inf
1251	0.000000e+00	inf
1252	0.000000e+00	inf
1253	0.000000e+00	inf
1254	0.000000e+00	inf
1255	0.000000e+00	inf
1256	0.000000e+00	inf
1257	0.000000e+00	inf
1258	0.000000e+00	inf
1259	0.000000e+00	inf
1260	0.000000e+00	inf
1261	0.000000e+00	inf
1262	0.000000e+00	inf
1263	0.000000e+00	inf
1264	0.000000e+00	inf
1265	0.000000e+00	inf
1266	0.000000e+00	inf
1267	0.000000e+00	inf
1268	0.000000e+00	inf
1269	0.000000e+00	inf
1270	0.000000e+00	inf
1271	0.000000e+00	inf
1272	0.000000e+00	inf
1273	0.000000e+00	inf
1274	0.000000e+00	inf
1275	0.000000e+00	inf
1276	0.000000e+00	inf
1277	0.000000e+00	inf
1278	0.000000e+00	inf
1279	0.000000e+00	inf
1280	0.000000e+00	inf
1281	0.000000e+00	inf
1282	0.000000e+00	inf
1283	0.000000e+00	inf
1284	0.000000e+00	inf
1285	0.000000e+00	inf
1286	0.000000e+00	inf
1287	0.000000e+00	inf
1288	0.000000e+00	inf
1289	0.000000e+00	inf
1290	0.000000e+00	inf
1291	0.000000e+00	inf
1292	0.000000e+00	inf
1293	0.000000e+00	inf
1294	0.000000e+00	inf
1295	0.000000e+00	inf
1296	0.000000e+00	inf
1297	0.000000e+00	inf
1298	0.000000e+00	inf
1299	0.000000e+00	inf
1300	0.000000e+00	inf
1301	0.000000e+00	inf
1302	0.000000e+00	inf
1303	0.000000e+00	inf
1304	0.000000e+00	inf
1305	0.000000e+00	inf
1306	0.000000e+00	inf
1307	0.000000e+00	inf
1308	0.000000e+00	inf
1309	0.000000e+00	inf
1310	0.000000e+00	inf
1311	0.000000e+00	inf
1312	0.000000e+00	inf
1313	0.000000e+00	inf
1314	0.000000e+00	inf
1315	0.000000e+00	inf
1316	0.000000e+00	inf
1317	0.000000e+00	inf
1318	0.000000e+00	inf
1319	0.000000e+00	inf
1320	0.000000e+00	inf
1321	0.000000e+00	inf
1322	0.000000e+00	inf
1323	0.000000e+00	inf
1324	0.000000e+00	inf
1325	0.000000e+00	inf
1326	0.000000e+00	inf
1327	0.000000e+00	inf
1328	0.000000e+00	inf
1329	0.000000e+00	inf
1330	0.000000e+00	inf
1331	0.000000e+00	inf
1332	0.000000e+00	inf
1333	0.000000e+00	inf
1334	0.000000e+00	inf
1335	0.000000e+00	inf
1336	0.000000e+00	inf
1337	0.000000e+00	inf
1338	0.000000e+00	inf
1339	0.000000e+00	inf
1340	0.000000e+00	inf
1341	0.000000e+00	inf
1342	0.000000e+00	inf
1343	0.000000e+00	inf
1344	0.000000e+00	inf
1345	0.000000e+00	inf
1346	0.000000e+00	inf
1347	0.000000e+00	inf
1348	0.000000e+00	inf
1349	0.000000e+00	inf
1350	0.000000e+00	inf
1351	0.000000e+00	inf
1352	0.000000e+00	inf
1353	0.000000e+00	inf
1354	0.000000e+00	inf
1355	0.000000e+00	inf
1356	0.000000e+00	inf
1357	0.000000e+00	inf
1358	0.000000e+00	inf
1359	0.000000e+00	inf
1360	0.000000e+00	inf
1361	0.000000e+00	inf
1362	0.000000e+00	inf
1363	0.000000e+00	inf
1364	0.000000e+00	inf
1365	0.000000e+00	inf
1366	0.000000e+00	inf
1367	0.000000e+00	inf
1368	0.000000e+00	inf
1369	0.000000e+00	inf
1370	0.000000e+00	inf
1371	0.000000e+00	inf
1372	0.000000e+00	inf
1373	0.000000e+00	inf
1374	0.000000e+00	inf
1375	0.000000e+00	inf
1376	0.000000e+00	inf
1377	0.000000e+00	inf
1378	0.000000e+00	inf
1379	0.000000e+00	inf
1380	0.000000e+00	inf
1381	0.000000e+00	inf
1382	0.000000e+00	inf
1383	0.000000e+00	inf
1384	0.000000e+00	inf
1385	0.000000e+00	inf
1386	0.000000e+00	inf
1387	0.000000e+00	inf
1388	0.000000e+00	inf
1389	0.000000e+00	inf
1390	0.000000e+00	inf
1391	0.000000e+00	inf
1392	0.000000e+00	inf
1393	0.000000e+00	inf
1394	0.000000e+00	inf
1395	0.000000e+00	inf
1396	0.000000e+00	inf
1397	0.000000e+00	inf
1398	0.000000e+00	inf
1399	0.000000e+00	inf
1400	0.000000e+00	inf
1401	0.000000e+00	inf
1402	0.000000e+00	inf
1403	0.000000e+00	inf
1404	0.000000e+00	inf
1405	0.000000e+00	inf
1406	0.000000e+00	inf
1407	0.000000e+00	inf
1408	0.000000e+00	inf
1409	0.000000e+00	inf
1410	0.000000e+00	inf
1411	0.000000e+00	inf
1412	0.000000e+00	inf
1413	0.000000e+00	inf
1414	0.000000e+00	inf
1415	0.000000e+00	inf
1416	0.000000e+00	inf
1417	0.000000e+00	inf
1418	0.000000e+00	inf
1419	0.000000e+00	inf
1420	0.000000e+00	inf
1421	0.000000e+00	inf
1422	0.000000e+00	inf
1423	0.000000e+00	inf
1424	0.000000e+00	inf
1425	0.000000e+00	inf
1426	0.000000e+00	inf
1427	0.000000e+00	inf
1428	0.000000e+00	inf
1429	0.000000e+00	inf
1430	0.000000e+00	inf
1431	0.000000e+00	inf
1432	0.000000e+00	inf
1433	0.000000e+00	inf
1434	0.000000e+00	inf
1435	0.000000e+00	inf
1436	0.000000e+00	inf
1437	0.000000e+00	inf
1438	0.000000e+00	inf
1439	0.000000e+00	inf
1440	0.000000e+00	inf
1441	0.000000e+00	inf
1442	0.000000e+00	inf
1443	0.000000e+00	inf
1444	0.000000e+00	inf
1445	0.000000e+00	inf
1446	0.000000e+00	inf
1447	0.000000e+00	inf
1448	0.000000e+00	inf
1449	0.000000e+00	inf
1450	0.000000e+00	inf
1451	0.000000e+00	inf
1452	0.000000e+00	inf
1453	0.000000e+00	inf
1454	0.000000e+00	inf
1455	0.000000e+00	inf
1456	0.000000e+00	inf
1457	0.000000e+00	inf
1458	0.000000e+00	inf
1459	0.000000e+00	inf
1460	0.000000e+00	inf
1461	0.000000e+00	inf
1462	0.000000e+00	inf
1463	0.000000e+00	inf
1464	0.000000e+00	inf
1465	0.000000e+00	inf
1466	0.000000e+00	inf
1467	0.000000e+00	inf
1468	0.000000e+00	inf
1469	0.000000e+00	inf
1470	0.000000e+00	inf
1471	0.000000e+00	inf
1472	0.000000e+00	inf
1473	0.000000e+00	inf
1474	0.000000e+00	inf
1475	0.000000e+00	inf
1476	0.000000e+00	inf
1477	0.000000e+00	inf
1478	0.000000e+00	inf
1479	0.000000e+00	inf
1480	0.000000e+00	inf
1481	0.000000e+00	inf
1482	0.000000e+00	inf
1483	0.000000e+00	inf
1484	0.000000e+00	inf
1485	0.000000e+00	inf
1486	0.000000e+00	inf
1487	0.000000e+00	inf
1488	0.000000e+00	inf
1489	0.000000e+00	inf
1490	0.000000e+00	inf
1491	0.000000e+00	inf
1492	0.000000e+00	inf
1493	0.000000e+00	inf
1494	0.000000e+00	inf
1495	0.000000e+00	inf
1496	0.000000e+00	inf
1497	0.000000e+00	inf
1498	0.000000e+00	inf
1499	0.000000e+00	inf
1500	0.000000e+00	inf
1501	0.000000e+00	inf
1502	0.000000e+00	inf
1503	0.000000e+00	inf
1504	0.000000e+00	inf
1505	0.000000e+00	inf
1506	0.000000e+00	inf
1507	0.000000e+00	inf
1508	0.000000e+00	inf
1509	0.000000e+00	inf
1510	0.000000e+00	inf
1511	0.000000e+00	inf
1512	0.000000e+00	inf
1513	0.000000e+00	inf
1514	0.000000e+00	inf
1515	0.000000e+00	inf
1516	0.000000e+00	inf
1517	0.000000e+00	inf
1518	0.000000e+00	inf
1519	0.000000e+00	inf
1520	0.000000e+00	inf
1521	0.000000e+00	inf
1522	0.000000e+00	inf
1523	0.000000e+00	inf
1524	0.000000e+00	inf
1525	0.000000e+00	inf
1526	0.000000e+00	inf
1527	0.000000e+00	inf
1528	0.000000e+00	inf
1529	0.000000e+00	inf
1530	0.000000e+00	inf
1531	0.000000e+00	inf
1532	0.000000e+00	inf
1533	0.000000e+00	inf
1534	0.000000e+00	inf
1535	0.000000e+00	inf
1536	0.000000e+00	inf
1537	0.000000e+00	inf
1538	0.000000e+00	inf
1539	0.000000e+00	inf
1540	0.000000e+00	inf
1541	0.000000e+00	inf
1542	0.000000e+00	inf
1543	0.000000e+00	inf
1544	0.000000e+00	inf
1545	0.000000e+00	inf
1546	0.000000e+00	inf
1547	0.000000e+00	inf
1548	0.000000e+00	inf
1549	0.000000e+00	inf
1550	0.000000e+00	inf
1551	0.000000e+00	inf
1552	0.000000e+00	inf
1553	0.000000e+00	inf
1554	0.000000e+00	inf
1555	0.000000e+00	inf
1556	0.000000e+00	inf
1557	0.000000e+00	inf
1558	0.000000e+00	inf
1559	0.000000e+00	inf
1560	0.000000e+00	inf
1561	0.000000e+00	inf
1562	0.000000e+00	inf
1563	0.000000e+00	inf
1564	0.000000e+00	inf
1565	0.000000e+00	inf
1566	0.000000e+00	inf
1567	0.000000e+00	inf
1568	0.000000e+00	inf
1569	0.000000e+00	inf
1570	0.000000e+00	inf
1571	0.000000e+00	inf
1572	0.000000e+00	inf
1573	0.000000e+00	inf
1574	0.000000e+00	inf
1575	0.000000e+00	inf
1576	0.000000e+00	inf
1577	0.000000e+00	inf
1578	0.000000e+00	inf
1579	0.000000e+00	inf
1580	0.000000e+00	inf
1581	0.000000e+00	inf
1582	0.000000e+00	inf
1583	0.000000e+00	inf
1584	0.000000e+00	inf
1585	0.000000e+00	inf
1586	0.000000e+00	inf
1587	0.000000e+00	inf
1588	0.000000e+00	inf
1589	0.000000e+00	inf
1590	0.000000e+00	inf
1591	0.000000e+00	inf
1592	0.000000e+00	inf
1593	0.000000e+00	inf
1594	0.000000e+00	inf
1595	0.000000e+00	inf
1596	0.000000e+00	inf
1597	0.000000e+00	inf
1598	0.000000e+00	inf
1599	0.000000e+00	inf
1600	0.000000e+00	inf
1601	0.000000e+00	inf
1602	0.000000e+00	inf
1603	0.000000e+00	inf
1604	0.000000e+00	inf
1605	0.000000e+00	inf
1606	0.000000e+00	inf
1607	0.000000e+00	inf
1608	0.000000e+00	inf
1609	0.000000e+00	inf
1610	0.000000e+00	inf
1611	0.000000e+00	inf
1612	0.000000e+00	inf
1613	0.000000e+00	inf
1614	0.000000e+00	inf
1615	0.000000e+00	inf
1616	0.000000e+00	inf
1617	0.000000e+00	inf
1618	0.000000e+00	inf
1619	0.000000e+00	inf
1620	0.000000e+00	inf
1621	0.000000e+00	inf
1622	0.000000e+00	inf
1623	0.000000e+00	inf
1624	0.000000e+00	inf
1625	0.000000e+00	inf
1626	0.000000e+00	inf
1627	0.000000e+00	inf
1628	0.000000e+00	inf
1629	0.000000e+00	inf
1630	0.000000e+00	inf
1631	0.000000e+00	inf
1632	0.000000e+00	inf
1633	0.000000e+00	inf
1634	0.000000e+00	inf
1635	0.000000e+00	inf
1636	0.000000e+00	inf
1637	0.000000e+00	inf
1638	0.000000e+00	inf
1639	0.000000e+00	inf
1640	0.000000e+00	inf
1641	0.000000e+00	inf
1642	0.000000e+00	inf
1643	0.000000e+00	inf
1644	0.000000e+00	inf
1645	0.000000e+00	inf
1646	0.000000e+00	inf
1647	0.000000e+00	inf
1648	0.000000e+00	inf
1649	0.000000e+00	inf
1650	0.000000e+00	inf
1651	0.000000e+00	inf
1652	0.000000e+00	inf
1653	0.000000e+00	inf
1654	0.000000e+00	inf
1655	0.000000e+00	inf
1656	0.000000e+00	inf
1657	0.000000e+00	inf
1658	0.000000e+00	inf
1659	0.000000e+00	inf
1660	0.000000e+00	inf
1661	0.000000e+00	inf
1662	0.000000e+00	inf
1663	0.000000e+00	inf
1664	0.000000e+00	inf
1665	0.000000e+00	inf
1666	0.000000e+00	inf
1667	0.000000e+00	inf
1668	0.000000e+00	inf
1669	0.000000e+00	inf
1670	0.000000e+00	inf
1671	0.000000e+00	inf
1672	0.000000e+00	inf
1673	0.000000e+00	inf
1674	0.000000e+00	inf
1675	0.000000e+00	inf
1676	0.000000e+00	inf
1677	0.000000e+00	inf
1678	0.000000e+00	inf
1679	0.000000e+00	inf
1680	0.000000e+00	inf
1681	0.000000e+00	inf
1682	0.000000e+00	inf
1683	0.000000e+00	inf
1684	0.000000e+00	inf
1685	0.000000e+00	inf
1686	0.000000e+00	inf
1687	0.000000e+00	inf
1688	0.000000e+00	inf
1689	0.000000e+00	inf
1690	0.000000e+00	inf
1691	0.000000e+00	inf
1692	0.000000e+00	inf
1693	0.000000e+00	inf
1694	0.000000e+00	inf
1695	0.000000e+00	inf
1696	0.000000e+00	inf
1697	0.000000e+00	inf
1698	0.000000e+00	inf
1699	0.000000e+00	inf
1700	0.000000e+00	inf
1701	0.000000e+00	inf
1702	0.000000e+00	inf
1703	0.000000e+00	inf
1704	0.000000e+00	inf
1705	0.000000e+00	inf
1706	0.000000e+00	inf
1707	0.000000e+00	inf
1708	0.000000e+00	inf
1709	0.000000e+00	inf
1710	0.000000e+00	inf
1711	0.000000e+00	inf
1712	0.000000e+00	inf
1713	0.000000e+00	inf
1714	0.000000e+00	inf
1715	0.000000e+00	inf
1716	0.000000e+00	inf
1717	0.000000e+00	inf
1718	0.000000e+00	inf
1719	0.000000e+00	inf
1720	0.000000e+00	inf
1721	0.000000e+00	inf
1722	0.000000e+00	inf
1723	0.000000e+00	inf
1724	0.000000e+00	inf
1725	0.000000e+00	inf
1726	0.000000e+00	inf
1727	0.000000e+00	inf
1728	0.000000e+00	inf
1729	0.000000e+00	inf
1730	1.048975e-31	7.133232e+01
1731	0.000000e+00	inf
1732	7.380111e-32	7.168393e+01
1733	1.555584e-31	7.093829e+01
1734	9.937718e-32	7.138639e+01
1735	1.087257e-31	7.129648e+01
1736	7.561031e-31	6.935713e+01
1737	2.834877e-31	7.033814e+01
1738	6.959634e-31	6.944001e+01
1739	1.035956e-30	6.904223e+01
1740	2.014054e-30	6.837740e+01
1741	3.213528e-30	6.791018e+01
1742	2.466184e-30	6.817488e+01
1743	6.184634e-30	6.725548e+01
1744	1.255115e-29	6.654774e+01
1745	1.594884e-29	6.630817e+01
1746	3.114811e-29	6.563880e+01
1747	4.881433e-29	6.518953e+01
1748	7.020865e-29	6.482608e+01
1749	9.877436e-29	6.448471e+01
1750	1.536723e-28	6.404273e+01
1751	2.421572e-28	6.358797e+01
1752	3.588771e-28	6.319457e+01
1753	5.365948e-28	6.279231e+01
1754	8.219105e-28	6.236592e+01
1755	1.174568e-27	6.200890e+01
1756	1.750848e-27	6.160970e+01
1757	3.192870e-27	6.100888e+01
1758	4.116663e-27	6.075475e+01
1759	6.289060e-27	6.033099e+01
1760	9.654166e-27	5.990241e+01
1761	1.477186e-26	5.947707e+01
1762	2.098141e-26	5.912616e+01
1763	3.035188e-26	5.875694e+01
1764	4.740885e-26	5.831099e+01
1765	6.338336e-26	5.802060e+01
1766	1.017677e-25	5.754710e+01
1767	1.483727e-25	5.717007e+01
1768	2.249296e-25	5.675401e+01
1769	3.391209e-25	5.634344e+01
1770	4.618692e-25	5.603452e+01
1771	6.795727e-25	5.564833e+01
1772	1.032736e-24	5.522983e+01
1773	1.521491e-24	5.484235e+01
1774	2.194868e-24	5.447592e+01
1775	3.270928e-24	5.407697e+01
1776	4.759335e-24	5.370193e+01
1777	6.533293e-24	5.338513e+01
1778	9.654397e-24	5.299463e+01
1779	1.389310e-23	5.263065e+01
1780	1.930473e-23	5.230169e+01
1781	2.846421e-23	5.191339e+01
1782	4.053896e-23	5.155978e+01
1783	6.156909e-23	5.114188e+01
1784	8.871915e-23	5.077657e+01
1785	1.219836e-22	5.045816e+01
1786	1.744199e-22	5.010058e+01
1787	2.551543e-22	4.972017e+01
1788	3.831564e-22	4.931360e+01
1789	5.539392e-22	4.894499e+01
1790	7.960550e-22	4.858237e+01
1791	1.153391e-21	4.821158e+01
1792	1.698824e-21	4.782435e+01
1793	2.562508e-21	4.741330e+01
1794	3.666830e-21	4.705496e+01
1795	5.169228e-21	4.671156e+01
1796	8.111166e-21	4.626105e+01
1797	1.142878e-20	4.591815e+01
1798	1.755744e-20	4.548881e+01
1799	2.511556e-20	4.513080e+01
1800	3.616245e-20	4.476627e+01
1801	5.815358e-20	4.429120e+01
1802	8.736957e-20	4.388414e+01
1803	1.239623e-19	4.353431e+01
1804	1.792184e-19	4.316568e+01
1805	2.594344e-19	4.279578e+01
1806	3.849871e-19	4.240108e+01
1807	5.726410e-19	4.200403e+01
1808	8.522404e-19	4.160642e+01
1809	1.189681e-18	4.127285e+01
1810	1.684707e-18	4.092494e+01
1811	2.372680e-18	4.058251e+01
1812	3.468107e-18	4.020292e+01
1813	4.964615e-18	3.984420e+01
1814	6.599858e-18	3.955948e+01
1815	9.628191e-18	3.918184e+01
1816	1.257880e-17	3.891452e+01
1817	1.826452e-17	3.854157e+01
1818	2.559845e-17	3.820400e+01
1819	3.500767e-17	3.789096e+01
1820	4.812737e-17	3.757268e+01
1821	6.628635e-17	3.725255e+01
1822	9.147947e-17	3.693042e+01
1823	1.241521e-16	3.662502e+01
1824	1.658331e-16	3.633555e+01
1825	2.257091e-16	3.602728e+01
1826	3.121210e-16	3.570314e+01
1827	4.122996e-16	3.542478e+01
1828	5.556087e-16	3.512647e+01
1829	7.517045e-16	3.482419e+01
1830	9.954144e-16	3.454337e+01
1831	1.324491e-15	3.425775e+01
1832	1.728931e-15	3.399127e+01
1833	2.411897e-15	3.365836e+01
1834	3.127569e-15	3.339852e+01
1835	4.043932e-15	3.314156e+01
1836	5.542505e-15	3.282633e+01
1837	7.426178e-15	3.253377e+01
1838	9.422070e-15	3.229572e+01
1839	1.347470e-14	3.193796e+01
1840	1.803254e-14	3.164660e+01
1841	2.419432e-14	3.135266e+01
1842	3.165656e-14	3.108383e+01
1843	4.289674e-14	3.077998e+01
1844	5.709275e-14	3.049410e+01
1845	7.484018e-14	3.022342e+01
1846	1.037551e-13	2.989674e+01
1847	1.374763e-13	2.961533e+01
1848	2.019401e-13	2.923081e+01
1849	2.674875e-13	2.894970e+01
1850	3.503386e-13	2.867988e+01
1851	4.595965e-13	2.840843e+01
1852	6.727598e-13	2.802739e+01
1853	8.908269e-13	2.774663e+01
1854	1.190765e-12	2.745643e+01
1855	1.555976e-12	2.718892e+01
1856	2.042494e-12	2.691685e+01
1857	2.828490e-12	2.659128e+01
1858	3.678457e-12	2.632853e+01
1859	4.974476e-12	2.602670e+01
1860	6.034341e-12	2.583355e+01
1861	8.157760e-12	2.553205e+01
1862	1.088981e-11	2.524319e+01
1863	1.437620e-11	2.496545e+01
1864	1.872193e-11	2.470133e+01
1865	2.321641e-11	2.448616e+01
1866	3.013115e-11	2.422546e+01
1867	3.966527e-11	2.395055e+01
1868	4.735174e-11	2.377342e+01
1869	6.668567e-11	2.343103e+01
1870	8.062887e-11	2.324116e+01
1871	1.026970e-10	2.299924e+01
1872	1.248264e-10	2.280410e+01
1873	1.613333e-10	2.254755e+01
1874	2.128725e-10	2.227033e+01
1875	2.591016e-10	2.207380e+01
1876	3.220568e-10	2.185629e+01
1877	4.132751e-10	2.160691e+01
1878	5.023063e-10	2.141181e+01
1879	6.172313e-10	2.120578e+01
1880	7.725668e-10	2.098130e+01
1881	9.523869e-10	2.077205e+01
1882	1.151451e-09	2.058224e+01
1883	1.438374e-09	2.035975e+01
1884	1.751227e-09	2.016295e+01
1885	2.017491e-09	2.002141e+01
1886	2.549978e-09	1.978718e+01
1887	3.079135e-09	1.959862e+01
1888	3.721855e-09	1.940904e+01
1889	4.463089e-09	1.922742e+01
1890	5.528248e-09	1.901339e+01
1891	6.628607e-09	1.883187e+01
1892	7.990358e-09	1.864503e+01
1893	9.699471e-09	1.845119e+01
1894	1.189060e-08	1.824752e+01
1895	1.347736e-08	1.812225e+01
1896	1.673376e-08	1.790584e+01
1897	1.981484e-08	1.773683e+01
1898	2.299517e-08	1.758798e+01
1899	2.819826e-08	1.738401e+01
1900	3.219433e-08	1.725148e+01
1901	3.877857e-08	1.706540e+01
1902	4.676137e-08	1.687821e+01
1903	5.372974e-08	1.673930e+01
1904	6.339775e-08	1.657384e+01
1905	7.631612e-08	1.638838e+01
1906	9.081549e-08	1.621444e+01
1907	1.037694e-07	1.608110e+01
1908	1.150316e-07	1.597806e+01
1909	1.390118e-07	1.578871e+01
1910	1.644163e-07	1.562086e+01
1911	2.012687e-07	1.541863e+01
1912	2.305328e-07	1.528287e+01
1913	2.483867e-07	1.520828e+01
1914	3.001550e-07	1.501897e+01
1915	3.604272e-07	1.483598e+01
1916	4.381295e-07	1.464075e+01
1917	5.188657e-07	1.447162e+01
1918	6.158091e-07	1.430033e+01
1919	7.950468e-07	1.404486e+01
1920	9.228210e-07	1.389583e+01
1921	1.096530e-06	1.372336e+01
1922	1.336065e-06	1.352578e+01
1923	1.571228e-06	1.336365e+01
1924	1.888184e-06	1.317990e+01
1925	2.372393e-06	1.295161e+01
1926	2.869161e-06	1.276149e+01
1927	3.523928e-06	1.255593e+01
1928	4.212671e-06	1.237741e+01
1929	5.084669e-06	1.218928e+01
1930	5.943812e-06	1.203316e+01
1931	7.466219e-06	1.180512e+01
1932	9.198332e-06	1.159649e+01
1933	1.086318e-05	1.143013e+01
1934	1.223208e-05	1.131145e+01
1935	1.518192e-05	1.109541e+01
1936	1.806289e-05	1.092165e+01
1937	2.127462e-05	1.075800e+01
1938	2.511764e-05	1.059194e+01
1939	3.184645e-05	1.035458e+01
1940	3.598491e-05	1.023241e+01
1941	4.521318e-05	1.000412e+01
1942	5.069713e-05	9.889641e+00
1943	6.028762e-05	9.716384e+00
1944	6.996696e-05	9.567487e+00
1945	8.388006e-05	9.386123e+00
1946	9.471155e-05	9.264675e+00
1947	1.140579e-04	9.078804e+00
1948	1.329416e-04	8.925601e+00
1949	1.492119e-04	8.810143e+00
1950	1.726568e-04	8.664205e+00
1951	1.873789e-04	8.582378e+00
1952	2.092476e-04	8.471992e+00
1953	2.348926e-04	8.356382e+00
1954	2.606742e-04	8.252239e+00
1955	2.892925e-04	8.148072e+00
1956	3.188346e-04	8.050838e+00
1957	3.475341e-04	7.964648e+00
1958	3.773083e-04	7.882448e+00
1959	4.203094e-04	7.774519e+00
1960	4.465949e-04	7.713859e+00
1961	4.920337e-04	7.616963e+00
1962	5.114943e-04	7.578174e+00
1963	5.582964e-04	7.490621e+00
1964	5.961474e-04	7.425023e+00
1965	6.511226e-04	7.336813e+00
1966	6.934954e-04	7.273766e+00
1967	7.410208e-04	7.207482e+00
1968	7.965678e-04	7.135198e+00
1969	8.254591e-04	7.099571e+00
1970	9.334607e-04	6.976612e+00
1971	9.852950e-04	6.922570e+00
1972	1.034054e-03	6.874268e+00
1973	1.144546e-03	6.772747e+00
1974	1.143393e-03	6.773755e+00
1975	1.203370e-03	6.722629e+00
1976	1.298368e-03	6.646647e+00
1977	1.406208e-03	6.566858e+00
1978	1.461783e-03	6.528098e+00
1979	1.516452e-03	6.491382e+00
1980	1.596710e-03	6.439810e+00
1981	1.749494e-03	6.348429e+00
1982	1.855830e-03	6.289423e+00
1983	1.957793e-03	6.235937e+00
1984	2.005714e-03	6.211755e+00
1985	2.078610e-03	6.176056e+00
1986	2.137989e-03	6.147890e+00
1987	2.273031e-03	6.086641e+00
1988	2.454181e-03	6.009962e+00
1989	2.562361e-03	5.966826e+00
1990	2.886247e-03	5.847798e+00
1991	3.006639e-03	5.806932e+00
1992	3.104330e-03	5.774957e+00
1993	3.251696e-03	5.728579e+00
1994	3.388129e-03	5.687477e+00
1995	3.737582e-03	5.589316e+00
1996	3.923420e-03	5.540791e+00
1997	4.236948e-03	5.463912e+00
1998	4.698408e-03	5.360531e+00
1999	5.023956e-03	5.293538e+00
2000	5.324568e-03	5.235424e+00
2001	5.623548e-03	5.180793e+00
2002	5.921392e-03	5.129184e+00
2003	6.500053e-03	5.035945e+00
2004	6.700035e-03	5.005643e+00
2005	7.331674e-03	4.915551e+00
2006	7.442372e-03	4.900566e+00
2007	7.601116e-03	4.879460e+00
2008	8.210152e-03	4.802384e+00
2009	8.697542e-03	4.744715e+00
2010	9.407025e-03	4.666299e+00
2011	1.004241e-02	4.600938e+00
2012	1.031926e-02	4.573744e+00
2013	1.060128e-02	4.546780e+00
2014	1.050927e-02	4.555498e+00
2015	1.132248e-02	4.480966e+00
2016	1.204987e-02	4.418701e+00
2017	1.231952e-02	4.396570e+00
2018	1.274055e-02	4.362966e+00
2019	1.301890e-02	4.341353e+00
2020	1.295867e-02	4.345991e+00
2021	1.328106e-02	4.321416e+00
2022	1.379616e-02	4.283365e+00
2023	1.401171e-02	4.267862e+00
2024	1.437221e-02	4.242459e+00
2025	1.441964e-02	4.239164e+00
2026	1.446071e-02	4.236320e+00
2027	1.433308e-02	4.245185e+00
2028	1.465153e-02	4.223210e+00
2029	1.466263e-02	4.222454e+00
2030	1.477490e-02	4.214826e+00
2031	1.444461e-02	4.237434e+00
2032	1.381947e-02	4.281677e+00
2033	1.356413e-02	4.300327e+00
2034	1.385267e-02	4.279277e+00
2035	1.441617e-02	4.239405e+00
2036	1.326917e-02	4.322312e+00
2037	1.380518e-02	4.282711e+00
2038	1.312300e-02	4.333389e+00
2039	1.318811e-02	4.328440e+00
2040	1.320861e-02	4.326887e+00
2041	1.288507e-02	4.351686e+00
2042	1.217369e-02	4.408478e+00
2043	1.237852e-02	4.391793e+00
2044	1.248724e-02	4.383048e+00
2045	1.323080e-01	4.412622e+00 #im
2046	1.156410e-02	4.459850e+00
2047	1.166769e-02	4.450932e+00
2048	1.117138e-02	4.494400e+00
2049	1.079379e-02	4.528784e+00
2050	1.015880e-02	4.589415e+00
2051	9.921226e-03	4.613079e+00
2052	9.631855e-03	4.642679e+00
2053	9.129170e-03	4.696280e+00
2054	9.474989e-03	4.659100e+00
2055	8.920495e-03	4.719404e+00
2056	8.351362e-03	4.785331e+00
2057	7.824748e-03	4.850464e+00
2058	7.446359e-03	4.900030e+00
2059	7.081026e-03	4.950336e+00
2060	6.920298e-03	4.973296e+00
2061	6.186051e-03	5.085458e+00
2062	5.838728e-03	5.143242e+00
2063	5.622006e-03	5.181067e+00
2064	5.165412e-03	5.265770e+00
2065	4.774612e-03	5.344443e+00
2066	4.566098e-03	5.389096e+00
2067	4.342481e-03	5.439310e+00
2068	3.830078e-03	5.564870e+00
2069	3.814451e-03	5.568958e+00
2070	3.399117e-03	5.684240e+00
2071	3.205656e-03	5.742839e+00
2072	3.038464e-03	5.796403e+00
2073	2.908074e-03	5.840264e+00
2074	2.829440e-03	5.867677e+00
2075	2.715306e-03	5.908851e+00
2076	2.467283e-03	6.004638e+00
2077	2.595663e-03	5.953913e+00
2078	2.489291e-03	5.995757e+00
2079	2.274716e-03	6.085900e+00
2080	2.233278e-03	6.104285e+00
2081	2.227591e-03	6.106835e+00
2082	2.139322e-03	6.147266e+00
2083	2.081955e-03	6.174448e+00
2084	1.999414e-03	6.214901e+00
2085	1.990768e-03	6.219235e+00
2086	1.863509e-03	6.285294e+00
2087	1.767846e-03	6.337993e+00
2088	1.734355e-03	6.357120e+00
2089	1.675998e-03	6.391347e+00
2090	1.592485e-03	6.442460e+00
2091	1.607460e-03	6.433100e+00
2092	1.526946e-03	6.484486e+00
2093	1.454425e-03	6.533144e+00
2094	1.377720e-03	6.587326e+00
2095	1.415536e-03	6.560247e+00
2096	1.295232e-03	6.649065e+00
2097	1.251556e-03	6.683368e+00
2098	1.128368e-03	6.786983e+00
2099	1.072166e-03	6.838074e+00
2100	1.046800e-03	6.862017e+00
2101	1.056478e-03	6.852815e+00
2102	9.452293e-04	6.964083e+00
2103	8.822443e-04	7.033042e+00
2104	8.442808e-04	7.077025e+00
2105	8.349493e-04	7.088140e+00
2106	7.701463e-04	7.168930e+00
2107	7.192583e-04	7.237290e+00
2108	7.225112e-04	7.232778e+00
2109	6.643402e-04	7.316716e+00
2110	6.361797e-04	7.360029e+00
2111	5.884574e-04	7.438006e+00
2112	5.562289e-04	7.494331e+00
2113	5.176166e-04	7.566276e+00
2114	5.133377e-04	7.574577e+00
2115	4.744592e-04	7.653335e+00
2116	4.507934e-04	7.704501e+00
2117	3.934576e-04	7.840537e+00
2118	3.719794e-04	7.896672e+00
2119	3.573730e-04	7.936730e+00
2120	3.477039e-04	7.964159e+00
2121	3.180875e-04	8.053184e+00
2122	2.919277e-04	8.139004e+00
2123	2.819282e-04	8.173858e+00
2124	2.444023e-04	8.316695e+00
2125	2.449337e-04	8.314523e+00
2126	2.240806e-04	8.403505e+00
2127	2.043223e-04	8.495812e+00
2128	1.858851e-04	8.590382e+00
2129	1.756512e-04	8.647010e+00
2130	1.560464e-04	8.765357e+00
2131	1.546388e-04	8.774419e+00
2132	1.440209e-04	8.845552e+00
2133	1.291542e-04	8.954503e+00
2134	1.205805e-04	9.023193e+00
2135	1.145203e-04	9.074759e+00
2136	1.034991e-04	9.175948e+00
2137	9.616979e-05	9.249395e+00
2138	8.393739e-05	9.385439e+00
2139	7.991888e-05	9.434498e+00
2140	7.279036e-05	9.527927e+00
2141	6.894553e-05	9.582194e+00
2142	6.272421e-05	9.676763e+00
2143	5.877815e-05	9.741740e+00
2144	5.324546e-05	9.840598e+00
2145	5.042664e-05	9.894991e+00
2146	4.534688e-05	1.000117e+01
2147	4.218500e-05	1.007345e+01
2148	3.695896e-05	1.020570e+01
2149	3.304014e-05	1.031779e+01
2150	3.005233e-05	1.041257e+01
2151	3.035404e-05	1.040258e+01
2152	2.661705e-05	1.053396e+01
2153	2.377900e-05	1.064671e+01
2154	2.140315e-05	1.075197e+01
2155	1.914881e-05	1.086327e+01
2156	1.810846e-05	1.091913e+01
2157	1.573188e-05	1.105982e+01
2158	1.538674e-05	1.108200e+01
2159	1.321999e-05	1.123378e+01
2160	1.225423e-05	1.130964e+01
2161	1.031191e-05	1.148221e+01
2162	9.606802e-06	1.155304e+01
2163	9.125346e-06	1.160445e+01
2164	8.228374e-06	1.170792e+01
2165	7.165412e-06	1.184625e+01
2166	6.458414e-06	1.195013e+01
2167	5.984896e-06	1.202627e+01
2168	5.267774e-06	1.215390e+01
2169	4.707278e-06	1.226640e+01
2170	4.355886e-06	1.234398e+01
2171	3.756771e-06	1.249195e+01
2172	3.511551e-06	1.255945e+01
2173	2.955014e-06	1.273201e+01
2174	2.658201e-06	1.283786e+01
2175	2.515232e-06	1.289315e+01
2176	2.193950e-06	1.302981e+01
2177	2.030224e-06	1.310736e+01
2178	1.785402e-06	1.323587e+01
2179	1.556485e-06	1.337308e+01
2180	1.358715e-06	1.350897e+01
2181	1.240865e-06	1.359970e+01
2182	1.096201e-06	1.372366e+01
2183	9.633373e-07	1.385286e+01
2184	8.596127e-07	1.396678e+01
2185	7.868889e-07	1.405518e+01
2186	6.944239e-07	1.418018e+01
2187	6.032986e-07	1.432085e+01
2188	5.265360e-07	1.445695e+01
2189	4.611339e-07	1.458958e+01
2190	4.335680e-07	1.465122e+01
2191	3.843806e-07	1.477163e+01
2192	3.512274e-07	1.486183e+01
2193	2.924790e-07	1.504487e+01
2194	2.447562e-07	1.522300e+01
2195	2.410791e-07	1.523814e+01
2196	2.159366e-07	1.534828e+01
2197	1.876788e-07	1.548853e+01
2198	1.645239e-07	1.562021e+01
2199	1.410399e-07	1.577422e+01
2200	1.313591e-07	1.584533e+01
2201	1.139595e-07	1.598742e+01
2202	1.014922e-07	1.610328e+01
2203	9.299863e-08	1.619068e+01
2204	8.494454e-08	1.628127e+01
2205	7.229756e-08	1.644248e+01
2206	7.125423e-08	1.645701e+01
2207	5.981460e-08	1.663202e+01
2208	5.241155e-08	1.676414e+01
2209	5.164593e-08	1.677885e+01
2210	4.401150e-08	1.693881e+01
2211	3.851315e-08	1.707227e+01
2212	3.461897e-08	1.717886e+01
2213	3.267251e-08	1.723673e+01
2214	2.945185e-08	1.734051e+01
2215	2.587365e-08	1.747004e+01
2216	2.387815e-08	1.755030e+01
2217	2.051610e-08	1.770206e+01
2218	1.784498e-08	1.784154e+01
2219	1.716924e-08	1.788015e+01
2220	1.527338e-08	1.799715e+01
2221	1.421985e-08	1.806863e+01
2222	1.284548e-08	1.817027e+01
2223	1.095249e-08	1.832970e+01
2224	9.871845e-09	1.843358e+01
2225	9.181098e-09	1.850612e+01
2226	8.192602e-09	1.862003e+01
2227	7.437127e-09	1.871678e+01
2228	6.731703e-09	1.881644e+01
2229	6.061269e-09	1.892135e+01
2230	5.422727e-09	1.903267e+01
2231	4.961051e-09	1.912165e+01
2232	4.394866e-09	1.924283e+01
2233	4.010438e-09	1.933437e+01
2234	3.540248e-09	1.945907e+01
2235	3.369713e-09	1.950844e+01
2236	3.000082e-09	1.962463e+01
2237	2.572161e-09	1.977852e+01
2238	2.328444e-09	1.987807e+01
2239	2.244234e-09	1.991490e+01
2240	2.001972e-09	2.002913e+01
2241	1.751597e-09	2.016274e+01
2242	1.549541e-09	2.028531e+01
2243	1.491989e-09	2.032316e+01
2244	1.284055e-09	2.047324e+01
2245	1.118886e-09	2.061093e+01
2246	9.487178e-10	2.077591e+01
2247	8.915810e-10	2.083802e+01
2248	8.150442e-10	2.092778e+01
2249	7.011763e-10	2.107826e+01
2250	6.398622e-10	2.116977e+01
2251	5.639100e-10	2.129613e+01
2252	4.953734e-10	2.142571e+01
2253	4.135433e-10	2.160626e+01
2254	3.685020e-10	2.172158e+01
2255	3.494931e-10	2.177454e+01
2256	2.796171e-10	2.199760e+01
2257	2.600463e-10	2.207016e+01
2258	2.238492e-10	2.222005e+01
2259	1.924195e-10	2.237134e+01
2260	1.670546e-10	2.251270e+01
2261	1.467267e-10	2.264245e+01
2262	1.253422e-10	2.279997e+01
2263	1.114719e-10	2.291725e+01
2264	9.785664e-11	2.304752e+01
2265	8.490534e-11	2.318948e+01
2266	7.146030e-11	2.336188e+01
2267	5.926533e-11	2.354900e+01
2268	5.296900e-11	2.366131e+01
2269	4.702562e-11	2.378033e+01
2270	3.816732e-11	2.398904e+01
2271	3.334836e-11	2.412401e+01
2272	2.857476e-11	2.427850e+01
2273	2.504445e-11	2.441037e+01
2274	2.118910e-11	2.457753e+01
2275	1.873042e-11	2.470087e+01
2276	1.578289e-11	2.487209e+01
2277	1.413697e-11	2.498223e+01
2278	1.182009e-11	2.516122e+01
2279	1.037210e-11	2.529190e+01
2280	8.725415e-12	2.546478e+01
2281	7.138019e-12	2.566559e+01
2282	6.058370e-12	2.582958e+01
2283	5.356102e-12	2.595278e+01
2284	4.535815e-12	2.611902e+01
2285	4.168073e-12	2.620357e+01
2286	3.645961e-12	2.633740e+01
2287	2.742847e-12	2.662202e+01
2288	2.391994e-12	2.675889e+01
2289	2.056832e-12	2.690985e+01
2290	1.667402e-12	2.711975e+01
2291	1.473166e-12	2.724361e+01
2292	1.255026e-12	2.740387e+01
2293	1.116106e-12	2.752118e+01
2294	1.016188e-12	2.761496e+01
2295	8.877235e-13	2.775012e+01
2296	6.996593e-13	2.798818e+01
2297	6.766548e-13	2.802162e+01
2298	5.867466e-13	2.816418e+01
2299	4.822319e-13	2.836035e+01
2300	4.174443e-13	2.850463e+01
2301	3.798434e-13	2.859902e+01
2302	3.556458e-13	2.866484e+01
2303	2.961405e-13	2.884794e+01
2304	2.690357e-13	2.894393e+01
2305	2.237063e-13	2.912844e+01
2306	2.091126e-13	2.919590e+01
2307	1.885263e-13	2.929954e+01
2308	1.636470e-13	2.944106e+01
2309	1.325627e-13	2.965172e+01
2310	1.225149e-13	2.973054e+01
2311	1.063668e-13	2.987188e+01
2312	9.356934e-14	3.000007e+01
2313	8.305840e-14	3.011923e+01
2314	7.461163e-14	3.022648e+01
2315	6.345340e-14	3.038847e+01
2316	5.802504e-14	3.047790e+01
2317	4.904033e-14	3.064613e+01
2318	4.519710e-14	3.072774e+01
2319	4.005324e-14	3.084857e+01
2320	3.458328e-14	3.099541e+01
2321	3.227841e-14	3.106438e+01
2322	2.748748e-14	3.122505e+01
2323	2.620006e-14	3.127301e+01
2324	2.252246e-14	3.142426e+01
2325	2.019161e-14	3.153351e+01
2326	1.755083e-14	3.167368e+01
2327	1.600308e-14	3.176600e+01
2328	1.469679e-14	3.185115e+01
2329	1.326014e-14	3.195401e+01
2330	1.187370e-14	3.206445e+01
2331	1.031779e-14	3.220491e+01
2332	9.503969e-15	3.228707e+01
2333	8.573891e-15	3.239005e+01
2334	7.234714e-15	3.255989e+01
2335	7.093825e-15	3.257955e+01
2336	6.259505e-15	3.270468e+01
2337	5.581515e-15	3.281932e+01
2338	4.964516e-15	3.293646e+01
2339	4.499143e-15	3.303489e+01
2340	4.043719e-15	3.314161e+01
2341	3.623963e-15	3.325121e+01
2342	3.397016e-15	3.331588e+01
2343	2.800293e-15	3.350905e+01
2344	2.471257e-15	3.363405e+01
2345	2.342493e-15	3.368756e+01
2346	2.151557e-15	3.377258e+01
2347	1.708181e-15	3.400335e+01
2348	1.556504e-15	3.409633e+01
2349	1.457299e-15	3.416219e+01
2350	1.133894e-15	3.441312e+01
2351	1.087629e-15	3.445478e+01
2352	9.441053e-16	3.459629e+01
2353	7.615170e-16	3.481122e+01
2354	6.843302e-16	3.491809e+01
2355	6.500025e-16	3.496956e+01
2356	5.651164e-16	3.510950e+01
2357	4.792155e-16	3.527438e+01
2358	4.077124e-16	3.543597e+01
2359	3.933062e-16	3.547194e+01
2360	3.323505e-16	3.564034e+01
2361	3.062129e-16	3.572225e+01
2362	2.641265e-16	3.587010e+01
2363	2.449510e-16	3.594547e+01
2364	2.252529e-16	3.602931e+01
2365	1.986496e-16	3.615499e+01
2366	1.737798e-16	3.628874e+01
2367	1.605454e-16	3.636795e+01
2368	1.430117e-16	3.648361e+01
2369	1.343579e-16	3.654602e+01
2370	1.177191e-16	3.667823e+01
2371	1.082195e-16	3.676237e+01
2372	9.682381e-17	3.687364e+01
2373	8.863471e-17	3.696201e+01
2374	7.509304e-17	3.712780e+01
2375	7.060651e-17	3.718941e+01
2376	6.321702e-17	3.729996e+01
2377	5.797493e-17	3.738652e+01
2378	5.137672e-17	3.750735e+01
2379	4.624932e-17	3.761248e+01
2380	4.225789e-17	3.770274e+01
2381	3.772142e-17	3.781630e+01
2382	3.440523e-17	3.790832e+01
2383	3.003298e-17	3.804424e+01
2384	2.711091e-17	3.814660e+01
2385	2.561667e-17	3.820329e+01
2386	2.213152e-17	3.834953e+01
2387	1.974831e-17	3.846346e+01
2388	1.779078e-17	3.856785e+01
2389	1.564425e-17	3.869643e+01
2390	1.273560e-17	3.890213e+01
2391	1.232249e-17	3.893511e+01
2392	1.083581e-17	3.906368e+01
2393	9.299934e-18	3.921652e+01
2394	8.073645e-18	3.935793e+01
2395	7.366626e-18	3.944957e+01
2396	6.254425e-18	3.961324e+01
2397	5.132272e-18	3.981098e+01
2398	4.484460e-18	3.994591e+01
2399	3.525851e-18	4.018641e+01
2400	3.198851e-18	4.028374e+01
2401	2.575604e-18	4.050045e+01
2402	2.167753e-18	4.067284e+01
2403	1.948927e-18	4.077925e+01
2404	1.532942e-18	4.101934e+01
2405	1.395890e-18	4.111300e+01
2406	1.120910e-18	4.133239e+01
2407	9.657107e-19	4.148142e+01
2408	8.614574e-19	4.159566e+01
2409	7.183593e-19	4.177732e+01
2410	6.407338e-19	4.189167e+01
2411	5.428783e-19	4.205740e+01
2412	4.717653e-19	4.219781e+01
2413	3.998952e-19	4.236308e+01
2414	3.360434e-19	4.253705e+01
2415	3.191236e-19	4.258871e+01
2416	2.736262e-19	4.274252e+01
2417	2.364119e-19	4.288871e+01
2418	1.994673e-19	4.305864e+01
2419	1.845380e-19	4.313643e+01
2420	1.600686e-19	4.327868e+01
2421	1.427834e-19	4.339296e+01
2422	1.292864e-19	4.349226e+01
2423	1.153099e-19	4.360666e+01
2424	9.709907e-20	4.377856e+01
2425	8.410039e-20	4.392228e+01
2426	7.743370e-20	4.400486e+01
2427	6.877684e-20	4.412342e+01
2428	6.158803e-20	4.423382e+01
2429	5.336502e-20	4.437713e+01
2430	4.809685e-20	4.448107e+01
2431	4.182489e-20	4.462080e+01
2432	3.743151e-20	4.473177e+01
2433	3.355209e-20	4.484119e+01
2434	3.012043e-20	4.494908e+01
2435	2.595451e-20	4.509794e+01
2436	2.309451e-20	4.521469e+01
2437	2.005441e-20	4.535584e+01
2438	1.837026e-20	4.544355e+01
2439	1.653823e-20	4.554861e+01
2440	1.452689e-20	4.567829e+01
2441	1.196701e-20	4.587213e+01
2442	1.104215e-20	4.595257e+01
2443	9.551816e-21	4.609756e+01
2444	8.279152e-21	4.624055e+01
2445	7.921337e-21	4.628473e+01
2446	6.880644e-21	4.642557e+01
2447	5.964292e-21	4.656850e+01
2448	5.128708e-21	4.671943e+01
2449	4.931384e-21	4.675867e+01
2450	4.183808e-21	4.692307e+01
2451	3.963247e-21	4.697722e+01
2452	3.506609e-21	4.709964e+01
2453	3.361421e-21	4.714192e+01
2454	2.972122e-21	4.726501e+01
2455	2.693996e-21	4.736326e+01
2456	2.439186e-21	4.746262e+01
2457	2.320816e-21	4.751237e+01
2458	2.148496e-21	4.758952e+01
2459	2.094477e-21	4.761498e+01
2460	1.974216e-21	4.767412e+01
2461	1.802038e-21	4.776537e+01
2462	1.704052e-21	4.782128e+01
2463	1.623582e-21	4.786965e+01
2464	1.457233e-21	4.797775e+01
2465	1.303133e-21	4.808952e+01
2466	1.246527e-21	4.813393e+01
2467	1.183170e-21	4.818609e+01
2468	1.077602e-21	4.827955e+01
2469	9.926658e-22	4.836165e+01
2470	9.041735e-22	4.845502e+01
2471	8.743154e-22	4.848860e+01
2472	7.787214e-22	4.860439e+01
2473	7.498089e-22	4.864222e+01
2474	6.718800e-22	4.875196e+01
2475	6.423629e-22	4.879689e+01
2476	5.693159e-22	4.891761e+01
2477	5.546328e-22	4.894374e+01
2478	5.060481e-22	4.903541e+01
2479	4.584011e-22	4.913430e+01
2480	4.291157e-22	4.920032e+01
2481	3.929872e-22	4.928827e+01
2482	3.605878e-22	4.937431e+01
2483	3.411485e-22	4.942972e+01
2484	3.071106e-22	4.953483e+01
2485	2.722252e-22	4.965541e+01
2486	2.550877e-22	4.972043e+01
2487	2.347620e-22	4.980347e+01
2488	2.094359e-22	4.991762e+01
2489	1.941705e-22	4.999331e+01
2490	1.797903e-22	5.007025e+01
2491	1.581029e-22	5.019880e+01
2492	1.438600e-22	5.029320e+01
2493	1.267614e-22	5.041974e+01
2494	1.090463e-22	5.057027e+01
2495	9.560131e-23	5.070186e+01
2496	8.527048e-23	5.081621e+01
2497	7.730437e-23	5.091429e+01
2498	6.149769e-23	5.114304e+01
2499	5.337343e-23	5.128473e+01
2500	4.492472e-23	5.145705e+01
2501	3.730370e-23	5.164295e+01
2502	3.101876e-23	5.182745e+01
2503	2.832400e-23	5.191833e+01
2504	2.285947e-23	5.213268e+01
2505	1.793019e-23	5.237556e+01
2506	1.563460e-23	5.251256e+01
2507	1.327908e-23	5.267585e+01
2508	1.122208e-23	5.284416e+01
2509	9.598373e-24	5.300045e+01
2510	7.409928e-24	5.325922e+01
2511	6.644589e-24	5.336824e+01
2512	5.824759e-24	5.349992e+01
2513	4.967099e-24	5.365921e+01
2514	4.076205e-24	5.385688e+01
2515	3.373152e-24	5.404619e+01
2516	3.179862e-24	5.410520e+01
2517	2.682025e-24	5.427547e+01
2518	2.226623e-24	5.446156e+01
2519	2.015452e-24	5.456120e+01
2520	1.852688e-24	5.464540e+01
2521	1.568567e-24	5.481188e+01
2522	1.314401e-24	5.498866e+01
2523	1.207184e-24	5.507375e+01
2524	1.045278e-24	5.521776e+01
2525	9.510216e-25	5.531226e+01
2526	8.730363e-25	5.539782e+01
2527	7.198772e-25	5.559072e+01
2528	6.777305e-25	5.565105e+01
2529	6.016822e-25	5.577007e+01
2530	5.325651e-25	5.589209e+01
2531	4.807337e-25	5.599448e+01
2532	4.530225e-25	5.605386e+01
2533	3.927410e-25	5.619665e+01
2534	3.450601e-25	5.632608e+01
2535	3.230628e-25	5.639195e+01
2536	2.746783e-25	5.655420e+01
2537	2.617135e-25	5.660255e+01
2538	2.283031e-25	5.673912e+01
2539	2.025860e-25	5.685863e+01
2540	1.935699e-25	5.690416e+01
2541	1.705655e-25	5.703068e+01
2542	1.556175e-25	5.712240e+01
2543	1.335458e-25	5.727535e+01
2544	1.149984e-25	5.742488e+01
2545	9.729009e-26	5.759210e+01
2546	8.569228e-26	5.771903e+01
2547	7.946802e-26	5.779444e+01
2548	6.990829e-26	5.792261e+01
2549	5.603844e-26	5.814376e+01
2550	4.782440e-26	5.830226e+01
2551	3.934300e-26	5.849748e+01
2552	3.578927e-26	5.859215e+01
2553	3.113870e-26	5.873135e+01
2554	2.670826e-26	5.888482e+01
2555	2.377181e-26	5.900130e+01
2556	1.918923e-26	5.921545e+01
2557	1.659366e-26	5.936078e+01
2558	1.508471e-26	5.945612e+01
2559	1.289587e-26	5.961289e+01
2560	1.006028e-26	5.986120e+01
2561	9.355061e-27	5.993388e+01
2562	7.803463e-27	6.011523e+01
2563	6.934605e-27	6.023327e+01
2564	5.924334e-27	6.039073e+01
2565	5.091121e-27	6.054230e+01
2566	4.226755e-27	6.072836e+01
2567	3.655611e-27	6.087353e+01
2568	3.237326e-27	6.099505e+01
2569	2.872572e-27	6.111459e+01
2570	2.295467e-27	6.133886e+01
2571	2.044461e-27	6.145466e+01
2572	1.792086e-27	6.158642e+01
2573	1.559101e-27	6.172569e+01
2574	1.290641e-27	6.191466e+01
2575	1.111478e-27	6.206411e+01
2576	9.619417e-28	6.220860e+01
2577	8.503673e-28	6.233188e+01
2578	6.782613e-28	6.255802e+01
2579	6.075358e-28	6.266814e+01
2580	5.074463e-28	6.284816e+01
2581	4.578174e-28	6.295108e+01
2582	3.809530e-28	6.313488e+01
2583	3.051711e-28	6.335668e+01
2584	2.764726e-28	6.345544e+01
2585	2.401705e-28	6.359620e+01
2586	2.094626e-28	6.373301e+01
2587	1.650083e-28	6.397156e+01
2588	1.505051e-28	6.406356e+01
2589	1.290009e-28	6.421773e+01
2590	1.127349e-28	6.435251e+01
2591	9.239308e-29	6.455150e+01
2592	8.490324e-29	6.463604e+01
2593	6.486780e-29	6.490520e+01
2594	5.635215e-29	6.504593e+01
2595	4.419755e-29	6.528888e+01
2596	3.899901e-29	6.541402e+01
2597	3.525591e-29	6.551492e+01
2598	2.717878e-29	6.577512e+01
2599	2.597290e-29	6.582050e+01
2600	2.280443e-29	6.595060e+01
2601	1.506394e-29	6.636525e+01
2602	1.306864e-29	6.650734e+01
2603	1.534578e-29	6.634671e+01
2604	1.377972e-29	6.645435e+01
2605	1.113164e-29	6.666776e+01
2606	7.677147e-30	6.703930e+01
2607	7.692588e-30	6.703730e+01
2608	6.959767e-30	6.713741e+01
2609	7.053692e-30	6.712400e+01
2610	4.089131e-30	6.766922e+01
2611	4.293234e-30	6.762051e+01
2612	4.560818e-30	6.756005e+01
2613	3.029442e-30	6.796917e+01
2614	2.140236e-30	6.831664e+01
2615	1.705859e-30	6.854348e+01
2616	1.515194e-30	6.866201e+01
2617	6.521486e-31	6.950504e+01
2618	2.481838e-30	6.816855e+01
2619	0.000000e+00	inf
2620	1.286963e-30	6.882527e+01
2621	1.407940e-30	6.873543e+01
2622	1.496229e-30	6.867460e+01
2623	5.407067e-31	6.969243e+01
2624	0.000000e+00	inf
2625	0.000000e+00	inf
2626	8.009374e-31	6.929953e+01
2627	0.000000e+00	inf
2628	0.000000e+00	inf
2629	1.058329e-30	6.902086e+01
