0	0.000000e+00	inf
1	0.000000e+00	inf
2	0.000000e+00	inf
3	0.000000e+00	inf
4	0.000000e+00	inf
5	0.000000e+00	inf
6	0.000000e+00	inf
7	0.000000e+00	inf
8	0.000000e+00	inf
9	0.000000e+00	inf
10	0.000000e+00	inf
11	0.000000e+00	inf
12	0.000000e+00	inf
13	0.000000e+00	inf
14	0.000000e+00	inf
15	0.000000e+00	inf
16	0.000000e+00	inf
17	0.000000e+00	inf
18	0.000000e+00	inf
19	0.000000e+00	inf
20	0.000000e+00	inf
21	0.000000e+00	inf
22	0.000000e+00	inf
23	0.000000e+00	inf
24	0.000000e+00	inf
25	0.000000e+00	inf
26	0.000000e+00	inf
27	0.000000e+00	inf
28	0.000000e+00	inf
29	0.000000e+00	inf
30	0.000000e+00	inf
31	0.000000e+00	inf
32	0.000000e+00	inf
33	0.000000e+00	inf
34	0.000000e+00	inf
35	0.000000e+00	inf
36	0.000000e+00	inf
37	0.000000e+00	inf
38	0.000000e+00	inf
39	0.000000e+00	inf
40	0.000000e+00	inf
41	0.000000e+00	inf
42	0.000000e+00	inf
43	0.000000e+00	inf
44	0.000000e+00	inf
45	0.000000e+00	inf
46	0.000000e+00	inf
47	0.000000e+00	inf
48	0.000000e+00	inf
49	0.000000e+00	inf
50	0.000000e+00	inf
51	0.000000e+00	inf
52	0.000000e+00	inf
53	0.000000e+00	inf
54	0.000000e+00	inf
55	0.000000e+00	inf
56	0.000000e+00	inf
57	0.000000e+00	inf
58	0.000000e+00	inf
59	0.000000e+00	inf
60	0.000000e+00	inf
61	0.000000e+00	inf
62	0.000000e+00	inf
63	0.000000e+00	inf
64	0.000000e+00	inf
65	0.000000e+00	inf
66	0.000000e+00	inf
67	0.000000e+00	inf
68	0.000000e+00	inf
69	0.000000e+00	inf
70	0.000000e+00	inf
71	0.000000e+00	inf
72	0.000000e+00	inf
73	0.000000e+00	inf
74	0.000000e+00	inf
75	0.000000e+00	inf
76	0.000000e+00	inf
77	0.000000e+00	inf
78	0.000000e+00	inf
79	0.000000e+00	inf
80	0.000000e+00	inf
81	0.000000e+00	inf
82	0.000000e+00	inf
83	0.000000e+00	inf
84	0.000000e+00	inf
85	0.000000e+00	inf
86	0.000000e+00	inf
87	0.000000e+00	inf
88	0.000000e+00	inf
89	0.000000e+00	inf
90	0.000000e+00	inf
91	0.000000e+00	inf
92	0.000000e+00	inf
93	0.000000e+00	inf
94	0.000000e+00	inf
95	0.000000e+00	inf
96	0.000000e+00	inf
97	0.000000e+00	inf
98	0.000000e+00	inf
99	0.000000e+00	inf
100	0.000000e+00	inf
101	0.000000e+00	inf
102	0.000000e+00	inf
103	0.000000e+00	inf
104	0.000000e+00	inf
105	0.000000e+00	inf
106	0.000000e+00	inf
107	0.000000e+00	inf
108	0.000000e+00	inf
109	0.000000e+00	inf
110	0.000000e+00	inf
111	0.000000e+00	inf
112	0.000000e+00	inf
113	0.000000e+00	inf
114	0.000000e+00	inf
115	0.000000e+00	inf
116	0.000000e+00	inf
117	0.000000e+00	inf
118	0.000000e+00	inf
119	0.000000e+00	inf
120	0.000000e+00	inf
121	0.000000e+00	inf
122	0.000000e+00	inf
123	0.000000e+00	inf
124	0.000000e+00	inf
125	0.000000e+00	inf
126	0.000000e+00	inf
127	0.000000e+00	inf
128	0.000000e+00	inf
129	0.000000e+00	inf
130	0.000000e+00	inf
131	0.000000e+00	inf
132	0.000000e+00	inf
133	0.000000e+00	inf
134	0.000000e+00	inf
135	0.000000e+00	inf
136	0.000000e+00	inf
137	0.000000e+00	inf
138	0.000000e+00	inf
139	0.000000e+00	inf
140	0.000000e+00	inf
141	0.000000e+00	inf
142	0.000000e+00	inf
143	0.000000e+00	inf
144	0.000000e+00	inf
145	0.000000e+00	inf
146	0.000000e+00	inf
147	0.000000e+00	inf
148	0.000000e+00	inf
149	0.000000e+00	inf
150	0.000000e+00	inf
151	0.000000e+00	inf
152	0.000000e+00	inf
153	0.000000e+00	inf
154	0.000000e+00	inf
155	0.000000e+00	inf
156	0.000000e+00	inf
157	0.000000e+00	inf
158	0.000000e+00	inf
159	0.000000e+00	inf
160	0.000000e+00	inf
161	0.000000e+00	inf
162	0.000000e+00	inf
163	0.000000e+00	inf
164	0.000000e+00	inf
165	0.000000e+00	inf
166	0.000000e+00	inf
167	0.000000e+00	inf
168	0.000000e+00	inf
169	0.000000e+00	inf
170	0.000000e+00	inf
171	0.000000e+00	inf
172	0.000000e+00	inf
173	0.000000e+00	inf
174	0.000000e+00	inf
175	0.000000e+00	inf
176	0.000000e+00	inf
177	0.000000e+00	inf
178	0.000000e+00	inf
179	0.000000e+00	inf
180	0.000000e+00	inf
181	0.000000e+00	inf
182	0.000000e+00	inf
183	0.000000e+00	inf
184	0.000000e+00	inf
185	0.000000e+00	inf
186	0.000000e+00	inf
187	0.000000e+00	inf
188	0.000000e+00	inf
189	0.000000e+00	inf
190	0.000000e+00	inf
191	0.000000e+00	inf
192	0.000000e+00	inf
193	0.000000e+00	inf
194	0.000000e+00	inf
195	0.000000e+00	inf
196	0.000000e+00	inf
197	0.000000e+00	inf
198	0.000000e+00	inf
199	0.000000e+00	inf
200	0.000000e+00	inf
201	0.000000e+00	inf
202	0.000000e+00	inf
203	0.000000e+00	inf
204	0.000000e+00	inf
205	0.000000e+00	inf
206	0.000000e+00	inf
207	0.000000e+00	inf
208	0.000000e+00	inf
209	0.000000e+00	inf
210	0.000000e+00	inf
211	0.000000e+00	inf
212	0.000000e+00	inf
213	0.000000e+00	inf
214	0.000000e+00	inf
215	0.000000e+00	inf
216	0.000000e+00	inf
217	0.000000e+00	inf
218	0.000000e+00	inf
219	0.000000e+00	inf
220	0.000000e+00	inf
221	0.000000e+00	inf
222	0.000000e+00	inf
223	0.000000e+00	inf
224	0.000000e+00	inf
225	0.000000e+00	inf
226	0.000000e+00	inf
227	0.000000e+00	inf
228	0.000000e+00	inf
229	0.000000e+00	inf
230	0.000000e+00	inf
231	0.000000e+00	inf
232	0.000000e+00	inf
233	0.000000e+00	inf
234	0.000000e+00	inf
235	0.000000e+00	inf
236	0.000000e+00	inf
237	0.000000e+00	inf
238	0.000000e+00	inf
239	0.000000e+00	inf
240	0.000000e+00	inf
241	0.000000e+00	inf
242	0.000000e+00	inf
243	0.000000e+00	inf
244	0.000000e+00	inf
245	0.000000e+00	inf
246	0.000000e+00	inf
247	0.000000e+00	inf
248	0.000000e+00	inf
249	0.000000e+00	inf
250	0.000000e+00	inf
251	0.000000e+00	inf
252	0.000000e+00	inf
253	0.000000e+00	inf
254	0.000000e+00	inf
255	0.000000e+00	inf
256	0.000000e+00	inf
257	0.000000e+00	inf
258	0.000000e+00	inf
259	0.000000e+00	inf
260	0.000000e+00	inf
261	0.000000e+00	inf
262	0.000000e+00	inf
263	0.000000e+00	inf
264	0.000000e+00	inf
265	0.000000e+00	inf
266	0.000000e+00	inf
267	0.000000e+00	inf
268	0.000000e+00	inf
269	0.000000e+00	inf
270	0.000000e+00	inf
271	0.000000e+00	inf
272	0.000000e+00	inf
273	0.000000e+00	inf
274	0.000000e+00	inf
275	0.000000e+00	inf
276	0.000000e+00	inf
277	0.000000e+00	inf
278	0.000000e+00	inf
279	0.000000e+00	inf
280	0.000000e+00	inf
281	0.000000e+00	inf
282	0.000000e+00	inf
283	0.000000e+00	inf
284	0.000000e+00	inf
285	0.000000e+00	inf
286	0.000000e+00	inf
287	0.000000e+00	inf
288	0.000000e+00	inf
289	0.000000e+00	inf
290	0.000000e+00	inf
291	0.000000e+00	inf
292	0.000000e+00	inf
293	0.000000e+00	inf
294	0.000000e+00	inf
295	0.000000e+00	inf
296	0.000000e+00	inf
297	0.000000e+00	inf
298	0.000000e+00	inf
299	0.000000e+00	inf
300	0.000000e+00	inf
301	0.000000e+00	inf
302	0.000000e+00	inf
303	0.000000e+00	inf
304	0.000000e+00	inf
305	0.000000e+00	inf
306	0.000000e+00	inf
307	0.000000e+00	inf
308	0.000000e+00	inf
309	0.000000e+00	inf
310	0.000000e+00	inf
311	0.000000e+00	inf
312	0.000000e+00	inf
313	0.000000e+00	inf
314	0.000000e+00	inf
315	0.000000e+00	inf
316	0.000000e+00	inf
317	0.000000e+00	inf
318	0.000000e+00	inf
319	0.000000e+00	inf
320	0.000000e+00	inf
321	0.000000e+00	inf
322	0.000000e+00	inf
323	0.000000e+00	inf
324	0.000000e+00	inf
325	0.000000e+00	inf
326	0.000000e+00	inf
327	0.000000e+00	inf
328	0.000000e+00	inf
329	0.000000e+00	inf
330	0.000000e+00	inf
331	0.000000e+00	inf
332	0.000000e+00	inf
333	0.000000e+00	inf
334	0.000000e+00	inf
335	0.000000e+00	inf
336	0.000000e+00	inf
337	0.000000e+00	inf
338	0.000000e+00	inf
339	0.000000e+00	inf
340	0.000000e+00	inf
341	0.000000e+00	inf
342	0.000000e+00	inf
343	0.000000e+00	inf
344	0.000000e+00	inf
345	0.000000e+00	inf
346	0.000000e+00	inf
347	0.000000e+00	inf
348	0.000000e+00	inf
349	0.000000e+00	inf
350	0.000000e+00	inf
351	0.000000e+00	inf
352	0.000000e+00	inf
353	0.000000e+00	inf
354	0.000000e+00	inf
355	0.000000e+00	inf
356	0.000000e+00	inf
357	0.000000e+00	inf
358	0.000000e+00	inf
359	0.000000e+00	inf
360	0.000000e+00	inf
361	0.000000e+00	inf
362	0.000000e+00	inf
363	0.000000e+00	inf
364	0.000000e+00	inf
365	0.000000e+00	inf
366	0.000000e+00	inf
367	0.000000e+00	inf
368	0.000000e+00	inf
369	0.000000e+00	inf
370	0.000000e+00	inf
371	0.000000e+00	inf
372	0.000000e+00	inf
373	0.000000e+00	inf
374	0.000000e+00	inf
375	0.000000e+00	inf
376	0.000000e+00	inf
377	0.000000e+00	inf
378	0.000000e+00	inf
379	0.000000e+00	inf
380	0.000000e+00	inf
381	0.000000e+00	inf
382	0.000000e+00	inf
383	0.000000e+00	inf
384	0.000000e+00	inf
385	0.000000e+00	inf
386	0.000000e+00	inf
387	0.000000e+00	inf
388	0.000000e+00	inf
389	0.000000e+00	inf
390	0.000000e+00	inf
391	0.000000e+00	inf
392	0.000000e+00	inf
393	0.000000e+00	inf
394	0.000000e+00	inf
395	0.000000e+00	inf
396	0.000000e+00	inf
397	0.000000e+00	inf
398	0.000000e+00	inf
399	0.000000e+00	inf
400	0.000000e+00	inf
401	0.000000e+00	inf
402	0.000000e+00	inf
403	0.000000e+00	inf
404	0.000000e+00	inf
405	0.000000e+00	inf
406	0.000000e+00	inf
407	0.000000e+00	inf
408	0.000000e+00	inf
409	0.000000e+00	inf
410	0.000000e+00	inf
411	0.000000e+00	inf
412	0.000000e+00	inf
413	0.000000e+00	inf
414	0.000000e+00	inf
415	0.000000e+00	inf
416	0.000000e+00	inf
417	0.000000e+00	inf
418	0.000000e+00	inf
419	0.000000e+00	inf
420	0.000000e+00	inf
421	0.000000e+00	inf
422	0.000000e+00	inf
423	0.000000e+00	inf
424	0.000000e+00	inf
425	0.000000e+00	inf
426	0.000000e+00	inf
427	0.000000e+00	inf
428	0.000000e+00	inf
429	0.000000e+00	inf
430	0.000000e+00	inf
431	0.000000e+00	inf
432	0.000000e+00	inf
433	0.000000e+00	inf
434	0.000000e+00	inf
435	0.000000e+00	inf
436	0.000000e+00	inf
437	0.000000e+00	inf
438	0.000000e+00	inf
439	0.000000e+00	inf
440	0.000000e+00	inf
441	0.000000e+00	inf
442	0.000000e+00	inf
443	0.000000e+00	inf
444	0.000000e+00	inf
445	0.000000e+00	inf
446	0.000000e+00	inf
447	0.000000e+00	inf
448	0.000000e+00	inf
449	0.000000e+00	inf
450	0.000000e+00	inf
451	0.000000e+00	inf
452	0.000000e+00	inf
453	0.000000e+00	inf
454	0.000000e+00	inf
455	0.000000e+00	inf
456	0.000000e+00	inf
457	0.000000e+00	inf
458	0.000000e+00	inf
459	0.000000e+00	inf
460	0.000000e+00	inf
461	0.000000e+00	inf
462	0.000000e+00	inf
463	0.000000e+00	inf
464	0.000000e+00	inf
465	0.000000e+00	inf
466	0.000000e+00	inf
467	0.000000e+00	inf
468	0.000000e+00	inf
469	0.000000e+00	inf
470	0.000000e+00	inf
471	0.000000e+00	inf
472	0.000000e+00	inf
473	0.000000e+00	inf
474	0.000000e+00	inf
475	0.000000e+00	inf
476	0.000000e+00	inf
477	0.000000e+00	inf
478	0.000000e+00	inf
479	0.000000e+00	inf
480	0.000000e+00	inf
481	0.000000e+00	inf
482	0.000000e+00	inf
483	0.000000e+00	inf
484	0.000000e+00	inf
485	0.000000e+00	inf
486	0.000000e+00	inf
487	0.000000e+00	inf
488	0.000000e+00	inf
489	0.000000e+00	inf
490	0.000000e+00	inf
491	0.000000e+00	inf
492	0.000000e+00	inf
493	0.000000e+00	inf
494	0.000000e+00	inf
495	0.000000e+00	inf
496	0.000000e+00	inf
497	0.000000e+00	inf
498	0.000000e+00	inf
499	0.000000e+00	inf
500	0.000000e+00	inf
501	0.000000e+00	inf
502	0.000000e+00	inf
503	0.000000e+00	inf
504	0.000000e+00	inf
505	0.000000e+00	inf
506	0.000000e+00	inf
507	0.000000e+00	inf
508	0.000000e+00	inf
509	0.000000e+00	inf
510	0.000000e+00	inf
511	0.000000e+00	inf
512	0.000000e+00	inf
513	0.000000e+00	inf
514	0.000000e+00	inf
515	0.000000e+00	inf
516	0.000000e+00	inf
517	0.000000e+00	inf
518	0.000000e+00	inf
519	0.000000e+00	inf
520	0.000000e+00	inf
521	0.000000e+00	inf
522	0.000000e+00	inf
523	0.000000e+00	inf
524	0.000000e+00	inf
525	0.000000e+00	inf
526	0.000000e+00	inf
527	0.000000e+00	inf
528	0.000000e+00	inf
529	0.000000e+00	inf
530	0.000000e+00	inf
531	0.000000e+00	inf
532	0.000000e+00	inf
533	0.000000e+00	inf
534	0.000000e+00	inf
535	0.000000e+00	inf
536	0.000000e+00	inf
537	0.000000e+00	inf
538	0.000000e+00	inf
539	0.000000e+00	inf
540	0.000000e+00	inf
541	0.000000e+00	inf
542	0.000000e+00	inf
543	0.000000e+00	inf
544	0.000000e+00	inf
545	0.000000e+00	inf
546	0.000000e+00	inf
547	0.000000e+00	inf
548	0.000000e+00	inf
549	0.000000e+00	inf
550	0.000000e+00	inf
551	0.000000e+00	inf
552	0.000000e+00	inf
553	0.000000e+00	inf
554	0.000000e+00	inf
555	0.000000e+00	inf
556	0.000000e+00	inf
557	0.000000e+00	inf
558	0.000000e+00	inf
559	0.000000e+00	inf
560	0.000000e+00	inf
561	0.000000e+00	inf
562	0.000000e+00	inf
563	0.000000e+00	inf
564	0.000000e+00	inf
565	0.000000e+00	inf
566	0.000000e+00	inf
567	0.000000e+00	inf
568	0.000000e+00	inf
569	0.000000e+00	inf
570	0.000000e+00	inf
571	0.000000e+00	inf
572	0.000000e+00	inf
573	0.000000e+00	inf
574	0.000000e+00	inf
575	0.000000e+00	inf
576	0.000000e+00	inf
577	0.000000e+00	inf
578	0.000000e+00	inf
579	0.000000e+00	inf
580	0.000000e+00	inf
581	0.000000e+00	inf
582	0.000000e+00	inf
583	0.000000e+00	inf
584	0.000000e+00	inf
585	0.000000e+00	inf
586	0.000000e+00	inf
587	0.000000e+00	inf
588	0.000000e+00	inf
589	0.000000e+00	inf
590	0.000000e+00	inf
591	0.000000e+00	inf
592	0.000000e+00	inf
593	0.000000e+00	inf
594	0.000000e+00	inf
595	0.000000e+00	inf
596	0.000000e+00	inf
597	0.000000e+00	inf
598	0.000000e+00	inf
599	0.000000e+00	inf
600	0.000000e+00	inf
601	0.000000e+00	inf
602	0.000000e+00	inf
603	0.000000e+00	inf
604	0.000000e+00	inf
605	0.000000e+00	inf
606	0.000000e+00	inf
607	0.000000e+00	inf
608	0.000000e+00	inf
609	0.000000e+00	inf
610	0.000000e+00	inf
611	0.000000e+00	inf
612	0.000000e+00	inf
613	0.000000e+00	inf
614	0.000000e+00	inf
615	0.000000e+00	inf
616	0.000000e+00	inf
617	0.000000e+00	inf
618	0.000000e+00	inf
619	0.000000e+00	inf
620	0.000000e+00	inf
621	0.000000e+00	inf
622	0.000000e+00	inf
623	0.000000e+00	inf
624	0.000000e+00	inf
625	0.000000e+00	inf
626	0.000000e+00	inf
627	0.000000e+00	inf
628	0.000000e+00	inf
629	0.000000e+00	inf
630	0.000000e+00	inf
631	0.000000e+00	inf
632	0.000000e+00	inf
633	0.000000e+00	inf
634	0.000000e+00	inf
635	0.000000e+00	inf
636	0.000000e+00	inf
637	0.000000e+00	inf
638	0.000000e+00	inf
639	0.000000e+00	inf
640	0.000000e+00	inf
641	0.000000e+00	inf
642	0.000000e+00	inf
643	0.000000e+00	inf
644	0.000000e+00	inf
645	0.000000e+00	inf
646	0.000000e+00	inf
647	0.000000e+00	inf
648	0.000000e+00	inf
649	0.000000e+00	inf
650	0.000000e+00	inf
651	0.000000e+00	inf
652	0.000000e+00	inf
653	0.000000e+00	inf
654	0.000000e+00	inf
655	0.000000e+00	inf
656	0.000000e+00	inf
657	0.000000e+00	inf
658	0.000000e+00	inf
659	0.000000e+00	inf
660	0.000000e+00	inf
661	0.000000e+00	inf
662	0.000000e+00	inf
663	0.000000e+00	inf
664	0.000000e+00	inf
665	0.000000e+00	inf
666	0.000000e+00	inf
667	0.000000e+00	inf
668	0.000000e+00	inf
669	0.000000e+00	inf
670	0.000000e+00	inf
671	0.000000e+00	inf
672	0.000000e+00	inf
673	0.000000e+00	inf
674	0.000000e+00	inf
675	0.000000e+00	inf
676	0.000000e+00	inf
677	0.000000e+00	inf
678	0.000000e+00	inf
679	0.000000e+00	inf
680	0.000000e+00	inf
681	0.000000e+00	inf
682	0.000000e+00	inf
683	0.000000e+00	inf
684	0.000000e+00	inf
685	0.000000e+00	inf
686	0.000000e+00	inf
687	0.000000e+00	inf
688	0.000000e+00	inf
689	0.000000e+00	inf
690	0.000000e+00	inf
691	0.000000e+00	inf
692	0.000000e+00	inf
693	0.000000e+00	inf
694	0.000000e+00	inf
695	0.000000e+00	inf
696	0.000000e+00	inf
697	0.000000e+00	inf
698	0.000000e+00	inf
699	0.000000e+00	inf
700	0.000000e+00	inf
701	0.000000e+00	inf
702	0.000000e+00	inf
703	0.000000e+00	inf
704	0.000000e+00	inf
705	0.000000e+00	inf
706	0.000000e+00	inf
707	0.000000e+00	inf
708	0.000000e+00	inf
709	0.000000e+00	inf
710	0.000000e+00	inf
711	0.000000e+00	inf
712	0.000000e+00	inf
713	0.000000e+00	inf
714	0.000000e+00	inf
715	0.000000e+00	inf
716	0.000000e+00	inf
717	0.000000e+00	inf
718	0.000000e+00	inf
719	0.000000e+00	inf
720	0.000000e+00	inf
721	0.000000e+00	inf
722	0.000000e+00	inf
723	0.000000e+00	inf
724	0.000000e+00	inf
725	0.000000e+00	inf
726	0.000000e+00	inf
727	0.000000e+00	inf
728	0.000000e+00	inf
729	0.000000e+00	inf
730	0.000000e+00	inf
731	0.000000e+00	inf
732	0.000000e+00	inf
733	0.000000e+00	inf
734	0.000000e+00	inf
735	0.000000e+00	inf
736	0.000000e+00	inf
737	0.000000e+00	inf
738	0.000000e+00	inf
739	0.000000e+00	inf
740	0.000000e+00	inf
741	0.000000e+00	inf
742	0.000000e+00	inf
743	0.000000e+00	inf
744	0.000000e+00	inf
745	0.000000e+00	inf
746	0.000000e+00	inf
747	0.000000e+00	inf
748	0.000000e+00	inf
749	0.000000e+00	inf
750	0.000000e+00	inf
751	0.000000e+00	inf
752	0.000000e+00	inf
753	0.000000e+00	inf
754	0.000000e+00	inf
755	0.000000e+00	inf
756	0.000000e+00	inf
757	0.000000e+00	inf
758	0.000000e+00	inf
759	0.000000e+00	inf
760	0.000000e+00	inf
761	0.000000e+00	inf
762	0.000000e+00	inf
763	0.000000e+00	inf
764	0.000000e+00	inf
765	0.000000e+00	inf
766	0.000000e+00	inf
767	0.000000e+00	inf
768	0.000000e+00	inf
769	0.000000e+00	inf
770	0.000000e+00	inf
771	0.000000e+00	inf
772	0.000000e+00	inf
773	0.000000e+00	inf
774	0.000000e+00	inf
775	0.000000e+00	inf
776	0.000000e+00	inf
777	0.000000e+00	inf
778	0.000000e+00	inf
779	0.000000e+00	inf
780	0.000000e+00	inf
781	0.000000e+00	inf
782	0.000000e+00	inf
783	0.000000e+00	inf
784	0.000000e+00	inf
785	0.000000e+00	inf
786	0.000000e+00	inf
787	0.000000e+00	inf
788	0.000000e+00	inf
789	0.000000e+00	inf
790	0.000000e+00	inf
791	0.000000e+00	inf
792	0.000000e+00	inf
793	0.000000e+00	inf
794	0.000000e+00	inf
795	0.000000e+00	inf
796	0.000000e+00	inf
797	0.000000e+00	inf
798	0.000000e+00	inf
799	0.000000e+00	inf
800	0.000000e+00	inf
801	0.000000e+00	inf
802	0.000000e+00	inf
803	0.000000e+00	inf
804	0.000000e+00	inf
805	0.000000e+00	inf
806	0.000000e+00	inf
807	0.000000e+00	inf
808	0.000000e+00	inf
809	0.000000e+00	inf
810	0.000000e+00	inf
811	0.000000e+00	inf
812	0.000000e+00	inf
813	0.000000e+00	inf
814	0.000000e+00	inf
815	0.000000e+00	inf
816	0.000000e+00	inf
817	0.000000e+00	inf
818	0.000000e+00	inf
819	0.000000e+00	inf
820	0.000000e+00	inf
821	0.000000e+00	inf
822	0.000000e+00	inf
823	0.000000e+00	inf
824	0.000000e+00	inf
825	0.000000e+00	inf
826	0.000000e+00	inf
827	0.000000e+00	inf
828	0.000000e+00	inf
829	0.000000e+00	inf
830	0.000000e+00	inf
831	0.000000e+00	inf
832	0.000000e+00	inf
833	0.000000e+00	inf
834	0.000000e+00	inf
835	0.000000e+00	inf
836	0.000000e+00	inf
837	0.000000e+00	inf
838	0.000000e+00	inf
839	0.000000e+00	inf
840	0.000000e+00	inf
841	0.000000e+00	inf
842	0.000000e+00	inf
843	0.000000e+00	inf
844	0.000000e+00	inf
845	0.000000e+00	inf
846	0.000000e+00	inf
847	0.000000e+00	inf
848	0.000000e+00	inf
849	0.000000e+00	inf
850	0.000000e+00	inf
851	0.000000e+00	inf
852	0.000000e+00	inf
853	0.000000e+00	inf
854	0.000000e+00	inf
855	0.000000e+00	inf
856	0.000000e+00	inf
857	0.000000e+00	inf
858	0.000000e+00	inf
859	0.000000e+00	inf
860	0.000000e+00	inf
861	0.000000e+00	inf
862	0.000000e+00	inf
863	0.000000e+00	inf
864	0.000000e+00	inf
865	0.000000e+00	inf
866	0.000000e+00	inf
867	0.000000e+00	inf
868	0.000000e+00	inf
869	0.000000e+00	inf
870	0.000000e+00	inf
871	0.000000e+00	inf
872	0.000000e+00	inf
873	0.000000e+00	inf
874	0.000000e+00	inf
875	0.000000e+00	inf
876	0.000000e+00	inf
877	0.000000e+00	inf
878	0.000000e+00	inf
879	0.000000e+00	inf
880	0.000000e+00	inf
881	0.000000e+00	inf
882	0.000000e+00	inf
883	0.000000e+00	inf
884	0.000000e+00	inf
885	0.000000e+00	inf
886	0.000000e+00	inf
887	0.000000e+00	inf
888	0.000000e+00	inf
889	0.000000e+00	inf
890	0.000000e+00	inf
891	0.000000e+00	inf
892	0.000000e+00	inf
893	0.000000e+00	inf
894	0.000000e+00	inf
895	0.000000e+00	inf
896	0.000000e+00	inf
897	0.000000e+00	inf
898	0.000000e+00	inf
899	0.000000e+00	inf
900	0.000000e+00	inf
901	0.000000e+00	inf
902	0.000000e+00	inf
903	0.000000e+00	inf
904	0.000000e+00	inf
905	0.000000e+00	inf
906	0.000000e+00	inf
907	0.000000e+00	inf
908	0.000000e+00	inf
909	0.000000e+00	inf
910	0.000000e+00	inf
911	0.000000e+00	inf
912	0.000000e+00	inf
913	0.000000e+00	inf
914	0.000000e+00	inf
915	0.000000e+00	inf
916	0.000000e+00	inf
917	0.000000e+00	inf
918	0.000000e+00	inf
919	0.000000e+00	inf
920	0.000000e+00	inf
921	0.000000e+00	inf
922	0.000000e+00	inf
923	0.000000e+00	inf
924	0.000000e+00	inf
925	0.000000e+00	inf
926	0.000000e+00	inf
927	0.000000e+00	inf
928	0.000000e+00	inf
929	0.000000e+00	inf
930	0.000000e+00	inf
931	0.000000e+00	inf
932	0.000000e+00	inf
933	0.000000e+00	inf
934	0.000000e+00	inf
935	0.000000e+00	inf
936	0.000000e+00	inf
937	0.000000e+00	inf
938	0.000000e+00	inf
939	0.000000e+00	inf
940	0.000000e+00	inf
941	0.000000e+00	inf
942	0.000000e+00	inf
943	0.000000e+00	inf
944	0.000000e+00	inf
945	0.000000e+00	inf
946	0.000000e+00	inf
947	0.000000e+00	inf
948	0.000000e+00	inf
949	0.000000e+00	inf
950	0.000000e+00	inf
951	0.000000e+00	inf
952	0.000000e+00	inf
953	0.000000e+00	inf
954	0.000000e+00	inf
955	0.000000e+00	inf
956	0.000000e+00	inf
957	0.000000e+00	inf
958	0.000000e+00	inf
959	0.000000e+00	inf
960	0.000000e+00	inf
961	0.000000e+00	inf
962	0.000000e+00	inf
963	0.000000e+00	inf
964	0.000000e+00	inf
965	0.000000e+00	inf
966	0.000000e+00	inf
967	0.000000e+00	inf
968	0.000000e+00	inf
969	0.000000e+00	inf
970	0.000000e+00	inf
971	0.000000e+00	inf
972	0.000000e+00	inf
973	0.000000e+00	inf
974	0.000000e+00	inf
975	0.000000e+00	inf
976	0.000000e+00	inf
977	0.000000e+00	inf
978	0.000000e+00	inf
979	0.000000e+00	inf
980	0.000000e+00	inf
981	0.000000e+00	inf
982	0.000000e+00	inf
983	0.000000e+00	inf
984	0.000000e+00	inf
985	0.000000e+00	inf
986	0.000000e+00	inf
987	0.000000e+00	inf
988	0.000000e+00	inf
989	0.000000e+00	inf
990	0.000000e+00	inf
991	0.000000e+00	inf
992	0.000000e+00	inf
993	0.000000e+00	inf
994	0.000000e+00	inf
995	0.000000e+00	inf
996	0.000000e+00	inf
997	0.000000e+00	inf
998	0.000000e+00	inf
999	0.000000e+00	inf
1000	0.000000e+00	inf
1001	0.000000e+00	inf
1002	0.000000e+00	inf
1003	0.000000e+00	inf
1004	0.000000e+00	inf
1005	0.000000e+00	inf
1006	0.000000e+00	inf
1007	0.000000e+00	inf
1008	0.000000e+00	inf
1009	0.000000e+00	inf
1010	0.000000e+00	inf
1011	0.000000e+00	inf
1012	0.000000e+00	inf
1013	0.000000e+00	inf
1014	0.000000e+00	inf
1015	0.000000e+00	inf
1016	0.000000e+00	inf
1017	0.000000e+00	inf
1018	0.000000e+00	inf
1019	0.000000e+00	inf
1020	0.000000e+00	inf
1021	0.000000e+00	inf
1022	0.000000e+00	inf
1023	0.000000e+00	inf
1024	0.000000e+00	inf
1025	0.000000e+00	inf
1026	0.000000e+00	inf
1027	0.000000e+00	inf
1028	0.000000e+00	inf
1029	0.000000e+00	inf
1030	0.000000e+00	inf
1031	0.000000e+00	inf
1032	0.000000e+00	inf
1033	0.000000e+00	inf
1034	0.000000e+00	inf
1035	0.000000e+00	inf
1036	0.000000e+00	inf
1037	0.000000e+00	inf
1038	0.000000e+00	inf
1039	0.000000e+00	inf
1040	0.000000e+00	inf
1041	0.000000e+00	inf
1042	0.000000e+00	inf
1043	0.000000e+00	inf
1044	0.000000e+00	inf
1045	0.000000e+00	inf
1046	0.000000e+00	inf
1047	0.000000e+00	inf
1048	0.000000e+00	inf
1049	0.000000e+00	inf
1050	0.000000e+00	inf
1051	0.000000e+00	inf
1052	0.000000e+00	inf
1053	0.000000e+00	inf
1054	0.000000e+00	inf
1055	0.000000e+00	inf
1056	0.000000e+00	inf
1057	0.000000e+00	inf
1058	0.000000e+00	inf
1059	0.000000e+00	inf
1060	0.000000e+00	inf
1061	0.000000e+00	inf
1062	0.000000e+00	inf
1063	0.000000e+00	inf
1064	0.000000e+00	inf
1065	0.000000e+00	inf
1066	0.000000e+00	inf
1067	0.000000e+00	inf
1068	0.000000e+00	inf
1069	0.000000e+00	inf
1070	0.000000e+00	inf
1071	0.000000e+00	inf
1072	0.000000e+00	inf
1073	0.000000e+00	inf
1074	0.000000e+00	inf
1075	0.000000e+00	inf
1076	0.000000e+00	inf
1077	0.000000e+00	inf
1078	0.000000e+00	inf
1079	0.000000e+00	inf
1080	0.000000e+00	inf
1081	0.000000e+00	inf
1082	0.000000e+00	inf
1083	0.000000e+00	inf
1084	0.000000e+00	inf
1085	0.000000e+00	inf
1086	0.000000e+00	inf
1087	0.000000e+00	inf
1088	0.000000e+00	inf
1089	0.000000e+00	inf
1090	0.000000e+00	inf
1091	0.000000e+00	inf
1092	0.000000e+00	inf
1093	0.000000e+00	inf
1094	0.000000e+00	inf
1095	0.000000e+00	inf
1096	0.000000e+00	inf
1097	0.000000e+00	inf
1098	0.000000e+00	inf
1099	0.000000e+00	inf
1100	0.000000e+00	inf
1101	0.000000e+00	inf
1102	0.000000e+00	inf
1103	0.000000e+00	inf
1104	0.000000e+00	inf
1105	0.000000e+00	inf
1106	0.000000e+00	inf
1107	0.000000e+00	inf
1108	0.000000e+00	inf
1109	0.000000e+00	inf
1110	0.000000e+00	inf
1111	0.000000e+00	inf
1112	0.000000e+00	inf
1113	0.000000e+00	inf
1114	0.000000e+00	inf
1115	0.000000e+00	inf
1116	0.000000e+00	inf
1117	0.000000e+00	inf
1118	0.000000e+00	inf
1119	0.000000e+00	inf
1120	0.000000e+00	inf
1121	0.000000e+00	inf
1122	0.000000e+00	inf
1123	0.000000e+00	inf
1124	0.000000e+00	inf
1125	0.000000e+00	inf
1126	0.000000e+00	inf
1127	0.000000e+00	inf
1128	0.000000e+00	inf
1129	0.000000e+00	inf
1130	0.000000e+00	inf
1131	0.000000e+00	inf
1132	0.000000e+00	inf
1133	0.000000e+00	inf
1134	0.000000e+00	inf
1135	0.000000e+00	inf
1136	0.000000e+00	inf
1137	0.000000e+00	inf
1138	0.000000e+00	inf
1139	0.000000e+00	inf
1140	0.000000e+00	inf
1141	0.000000e+00	inf
1142	0.000000e+00	inf
1143	0.000000e+00	inf
1144	0.000000e+00	inf
1145	0.000000e+00	inf
1146	0.000000e+00	inf
1147	0.000000e+00	inf
1148	0.000000e+00	inf
1149	0.000000e+00	inf
1150	0.000000e+00	inf
1151	0.000000e+00	inf
1152	0.000000e+00	inf
1153	0.000000e+00	inf
1154	0.000000e+00	inf
1155	0.000000e+00	inf
1156	0.000000e+00	inf
1157	0.000000e+00	inf
1158	0.000000e+00	inf
1159	0.000000e+00	inf
1160	0.000000e+00	inf
1161	0.000000e+00	inf
1162	0.000000e+00	inf
1163	0.000000e+00	inf
1164	0.000000e+00	inf
1165	0.000000e+00	inf
1166	0.000000e+00	inf
1167	0.000000e+00	inf
1168	0.000000e+00	inf
1169	0.000000e+00	inf
1170	0.000000e+00	inf
1171	0.000000e+00	inf
1172	0.000000e+00	inf
1173	0.000000e+00	inf
1174	0.000000e+00	inf
1175	0.000000e+00	inf
1176	0.000000e+00	inf
1177	0.000000e+00	inf
1178	0.000000e+00	inf
1179	0.000000e+00	inf
1180	0.000000e+00	inf
1181	0.000000e+00	inf
1182	0.000000e+00	inf
1183	0.000000e+00	inf
1184	0.000000e+00	inf
1185	0.000000e+00	inf
1186	0.000000e+00	inf
1187	0.000000e+00	inf
1188	0.000000e+00	inf
1189	0.000000e+00	inf
1190	0.000000e+00	inf
1191	0.000000e+00	inf
1192	0.000000e+00	inf
1193	0.000000e+00	inf
1194	0.000000e+00	inf
1195	0.000000e+00	inf
1196	0.000000e+00	inf
1197	0.000000e+00	inf
1198	0.000000e+00	inf
1199	0.000000e+00	inf
1200	0.000000e+00	inf
1201	0.000000e+00	inf
1202	0.000000e+00	inf
1203	0.000000e+00	inf
1204	0.000000e+00	inf
1205	0.000000e+00	inf
1206	0.000000e+00	inf
1207	0.000000e+00	inf
1208	0.000000e+00	inf
1209	0.000000e+00	inf
1210	0.000000e+00	inf
1211	0.000000e+00	inf
1212	0.000000e+00	inf
1213	0.000000e+00	inf
1214	0.000000e+00	inf
1215	0.000000e+00	inf
1216	0.000000e+00	inf
1217	0.000000e+00	inf
1218	0.000000e+00	inf
1219	0.000000e+00	inf
1220	0.000000e+00	inf
1221	0.000000e+00	inf
1222	0.000000e+00	inf
1223	0.000000e+00	inf
1224	0.000000e+00	inf
1225	0.000000e+00	inf
1226	0.000000e+00	inf
1227	0.000000e+00	inf
1228	0.000000e+00	inf
1229	0.000000e+00	inf
1230	0.000000e+00	inf
1231	0.000000e+00	inf
1232	0.000000e+00	inf
1233	0.000000e+00	inf
1234	0.000000e+00	inf
1235	0.000000e+00	inf
1236	0.000000e+00	inf
1237	0.000000e+00	inf
1238	0.000000e+00	inf
1239	0.000000e+00	inf
1240	0.000000e+00	inf
1241	0.000000e+00	inf
1242	0.000000e+00	inf
1243	0.000000e+00	inf
1244	0.000000e+00	inf
1245	0.000000e+00	inf
1246	0.000000e+00	inf
1247	0.000000e+00	inf
1248	0.000000e+00	inf
1249	0.000000e+00	inf
1250	0.000000e+00	inf
1251	0.000000e+00	inf
1252	0.000000e+00	inf
1253	0.000000e+00	inf
1254	0.000000e+00	inf
1255	0.000000e+00	inf
1256	0.000000e+00	inf
1257	0.000000e+00	inf
1258	0.000000e+00	inf
1259	0.000000e+00	inf
1260	0.000000e+00	inf
1261	0.000000e+00	inf
1262	0.000000e+00	inf
1263	0.000000e+00	inf
1264	0.000000e+00	inf
1265	0.000000e+00	inf
1266	0.000000e+00	inf
1267	0.000000e+00	inf
1268	0.000000e+00	inf
1269	0.000000e+00	inf
1270	0.000000e+00	inf
1271	0.000000e+00	inf
1272	0.000000e+00	inf
1273	0.000000e+00	inf
1274	0.000000e+00	inf
1275	0.000000e+00	inf
1276	0.000000e+00	inf
1277	0.000000e+00	inf
1278	0.000000e+00	inf
1279	0.000000e+00	inf
1280	0.000000e+00	inf
1281	0.000000e+00	inf
1282	0.000000e+00	inf
1283	0.000000e+00	inf
1284	0.000000e+00	inf
1285	0.000000e+00	inf
1286	0.000000e+00	inf
1287	0.000000e+00	inf
1288	0.000000e+00	inf
1289	0.000000e+00	inf
1290	0.000000e+00	inf
1291	0.000000e+00	inf
1292	0.000000e+00	inf
1293	0.000000e+00	inf
1294	0.000000e+00	inf
1295	0.000000e+00	inf
1296	0.000000e+00	inf
1297	0.000000e+00	inf
1298	0.000000e+00	inf
1299	0.000000e+00	inf
1300	0.000000e+00	inf
1301	0.000000e+00	inf
1302	0.000000e+00	inf
1303	0.000000e+00	inf
1304	0.000000e+00	inf
1305	0.000000e+00	inf
1306	0.000000e+00	inf
1307	0.000000e+00	inf
1308	0.000000e+00	inf
1309	0.000000e+00	inf
1310	0.000000e+00	inf
1311	0.000000e+00	inf
1312	0.000000e+00	inf
1313	0.000000e+00	inf
1314	0.000000e+00	inf
1315	0.000000e+00	inf
1316	0.000000e+00	inf
1317	0.000000e+00	inf
1318	0.000000e+00	inf
1319	0.000000e+00	inf
1320	0.000000e+00	inf
1321	0.000000e+00	inf
1322	0.000000e+00	inf
1323	0.000000e+00	inf
1324	0.000000e+00	inf
1325	0.000000e+00	inf
1326	0.000000e+00	inf
1327	0.000000e+00	inf
1328	0.000000e+00	inf
1329	0.000000e+00	inf
1330	0.000000e+00	inf
1331	0.000000e+00	inf
1332	0.000000e+00	inf
1333	0.000000e+00	inf
1334	0.000000e+00	inf
1335	0.000000e+00	inf
1336	0.000000e+00	inf
1337	0.000000e+00	inf
1338	0.000000e+00	inf
1339	0.000000e+00	inf
1340	0.000000e+00	inf
1341	0.000000e+00	inf
1342	0.000000e+00	inf
1343	0.000000e+00	inf
1344	0.000000e+00	inf
1345	0.000000e+00	inf
1346	0.000000e+00	inf
1347	0.000000e+00	inf
1348	0.000000e+00	inf
1349	0.000000e+00	inf
1350	0.000000e+00	inf
1351	0.000000e+00	inf
1352	0.000000e+00	inf
1353	0.000000e+00	inf
1354	0.000000e+00	inf
1355	0.000000e+00	inf
1356	0.000000e+00	inf
1357	0.000000e+00	inf
1358	0.000000e+00	inf
1359	0.000000e+00	inf
1360	0.000000e+00	inf
1361	0.000000e+00	inf
1362	0.000000e+00	inf
1363	0.000000e+00	inf
1364	0.000000e+00	inf
1365	0.000000e+00	inf
1366	0.000000e+00	inf
1367	0.000000e+00	inf
1368	0.000000e+00	inf
1369	0.000000e+00	inf
1370	0.000000e+00	inf
1371	0.000000e+00	inf
1372	0.000000e+00	inf
1373	0.000000e+00	inf
1374	0.000000e+00	inf
1375	0.000000e+00	inf
1376	0.000000e+00	inf
1377	0.000000e+00	inf
1378	0.000000e+00	inf
1379	0.000000e+00	inf
1380	0.000000e+00	inf
1381	0.000000e+00	inf
1382	0.000000e+00	inf
1383	0.000000e+00	inf
1384	0.000000e+00	inf
1385	0.000000e+00	inf
1386	0.000000e+00	inf
1387	0.000000e+00	inf
1388	0.000000e+00	inf
1389	0.000000e+00	inf
1390	0.000000e+00	inf
1391	0.000000e+00	inf
1392	0.000000e+00	inf
1393	0.000000e+00	inf
1394	0.000000e+00	inf
1395	0.000000e+00	inf
1396	0.000000e+00	inf
1397	0.000000e+00	inf
1398	0.000000e+00	inf
1399	0.000000e+00	inf
1400	0.000000e+00	inf
1401	0.000000e+00	inf
1402	0.000000e+00	inf
1403	0.000000e+00	inf
1404	0.000000e+00	inf
1405	0.000000e+00	inf
1406	0.000000e+00	inf
1407	0.000000e+00	inf
1408	0.000000e+00	inf
1409	0.000000e+00	inf
1410	0.000000e+00	inf
1411	0.000000e+00	inf
1412	0.000000e+00	inf
1413	0.000000e+00	inf
1414	0.000000e+00	inf
1415	0.000000e+00	inf
1416	0.000000e+00	inf
1417	0.000000e+00	inf
1418	0.000000e+00	inf
1419	0.000000e+00	inf
1420	0.000000e+00	inf
1421	0.000000e+00	inf
1422	0.000000e+00	inf
1423	0.000000e+00	inf
1424	0.000000e+00	inf
1425	0.000000e+00	inf
1426	0.000000e+00	inf
1427	0.000000e+00	inf
1428	0.000000e+00	inf
1429	0.000000e+00	inf
1430	0.000000e+00	inf
1431	0.000000e+00	inf
1432	0.000000e+00	inf
1433	0.000000e+00	inf
1434	0.000000e+00	inf
1435	0.000000e+00	inf
1436	0.000000e+00	inf
1437	0.000000e+00	inf
1438	0.000000e+00	inf
1439	0.000000e+00	inf
1440	0.000000e+00	inf
1441	0.000000e+00	inf
1442	0.000000e+00	inf
1443	0.000000e+00	inf
1444	0.000000e+00	inf
1445	0.000000e+00	inf
1446	0.000000e+00	inf
1447	0.000000e+00	inf
1448	0.000000e+00	inf
1449	0.000000e+00	inf
1450	0.000000e+00	inf
1451	0.000000e+00	inf
1452	0.000000e+00	inf
1453	0.000000e+00	inf
1454	0.000000e+00	inf
1455	0.000000e+00	inf
1456	0.000000e+00	inf
1457	0.000000e+00	inf
1458	0.000000e+00	inf
1459	0.000000e+00	inf
1460	0.000000e+00	inf
1461	0.000000e+00	inf
1462	0.000000e+00	inf
1463	0.000000e+00	inf
1464	0.000000e+00	inf
1465	0.000000e+00	inf
1466	0.000000e+00	inf
1467	0.000000e+00	inf
1468	0.000000e+00	inf
1469	0.000000e+00	inf
1470	0.000000e+00	inf
1471	0.000000e+00	inf
1472	0.000000e+00	inf
1473	0.000000e+00	inf
1474	0.000000e+00	inf
1475	0.000000e+00	inf
1476	0.000000e+00	inf
1477	0.000000e+00	inf
1478	0.000000e+00	inf
1479	0.000000e+00	inf
1480	0.000000e+00	inf
1481	0.000000e+00	inf
1482	0.000000e+00	inf
1483	0.000000e+00	inf
1484	0.000000e+00	inf
1485	0.000000e+00	inf
1486	0.000000e+00	inf
1487	0.000000e+00	inf
1488	0.000000e+00	inf
1489	0.000000e+00	inf
1490	0.000000e+00	inf
1491	0.000000e+00	inf
1492	0.000000e+00	inf
1493	0.000000e+00	inf
1494	0.000000e+00	inf
1495	0.000000e+00	inf
1496	0.000000e+00	inf
1497	0.000000e+00	inf
1498	0.000000e+00	inf
1499	0.000000e+00	inf
1500	0.000000e+00	inf
1501	0.000000e+00	inf
1502	0.000000e+00	inf
1503	0.000000e+00	inf
1504	0.000000e+00	inf
1505	0.000000e+00	inf
1506	0.000000e+00	inf
1507	0.000000e+00	inf
1508	0.000000e+00	inf
1509	0.000000e+00	inf
1510	0.000000e+00	inf
1511	0.000000e+00	inf
1512	0.000000e+00	inf
1513	0.000000e+00	inf
1514	0.000000e+00	inf
1515	0.000000e+00	inf
1516	0.000000e+00	inf
1517	0.000000e+00	inf
1518	0.000000e+00	inf
1519	0.000000e+00	inf
1520	0.000000e+00	inf
1521	0.000000e+00	inf
1522	0.000000e+00	inf
1523	0.000000e+00	inf
1524	0.000000e+00	inf
1525	0.000000e+00	inf
1526	0.000000e+00	inf
1527	0.000000e+00	inf
1528	0.000000e+00	inf
1529	0.000000e+00	inf
1530	0.000000e+00	inf
1531	0.000000e+00	inf
1532	0.000000e+00	inf
1533	0.000000e+00	inf
1534	0.000000e+00	inf
1535	0.000000e+00	inf
1536	0.000000e+00	inf
1537	0.000000e+00	inf
1538	0.000000e+00	inf
1539	0.000000e+00	inf
1540	0.000000e+00	inf
1541	0.000000e+00	inf
1542	0.000000e+00	inf
1543	0.000000e+00	inf
1544	0.000000e+00	inf
1545	0.000000e+00	inf
1546	0.000000e+00	inf
1547	0.000000e+00	inf
1548	0.000000e+00	inf
1549	0.000000e+00	inf
1550	0.000000e+00	inf
1551	0.000000e+00	inf
1552	0.000000e+00	inf
1553	0.000000e+00	inf
1554	0.000000e+00	inf
1555	0.000000e+00	inf
1556	0.000000e+00	inf
1557	0.000000e+00	inf
1558	0.000000e+00	inf
1559	0.000000e+00	inf
1560	0.000000e+00	inf
1561	0.000000e+00	inf
1562	0.000000e+00	inf
1563	0.000000e+00	inf
1564	0.000000e+00	inf
1565	0.000000e+00	inf
1566	0.000000e+00	inf
1567	0.000000e+00	inf
1568	0.000000e+00	inf
1569	0.000000e+00	inf
1570	0.000000e+00	inf
1571	0.000000e+00	inf
1572	0.000000e+00	inf
1573	0.000000e+00	inf
1574	0.000000e+00	inf
1575	0.000000e+00	inf
1576	0.000000e+00	inf
1577	0.000000e+00	inf
1578	0.000000e+00	inf
1579	0.000000e+00	inf
1580	0.000000e+00	inf
1581	0.000000e+00	inf
1582	0.000000e+00	inf
1583	0.000000e+00	inf
1584	0.000000e+00	inf
1585	0.000000e+00	inf
1586	0.000000e+00	inf
1587	0.000000e+00	inf
1588	0.000000e+00	inf
1589	0.000000e+00	inf
1590	0.000000e+00	inf
1591	0.000000e+00	inf
1592	0.000000e+00	inf
1593	0.000000e+00	inf
1594	0.000000e+00	inf
1595	0.000000e+00	inf
1596	0.000000e+00	inf
1597	0.000000e+00	inf
1598	0.000000e+00	inf
1599	0.000000e+00	inf
1600	0.000000e+00	inf
1601	0.000000e+00	inf
1602	0.000000e+00	inf
1603	0.000000e+00	inf
1604	0.000000e+00	inf
1605	0.000000e+00	inf
1606	0.000000e+00	inf
1607	0.000000e+00	inf
1608	0.000000e+00	inf
1609	0.000000e+00	inf
1610	0.000000e+00	inf
1611	0.000000e+00	inf
1612	0.000000e+00	inf
1613	0.000000e+00	inf
1614	0.000000e+00	inf
1615	0.000000e+00	inf
1616	0.000000e+00	inf
1617	0.000000e+00	inf
1618	0.000000e+00	inf
1619	0.000000e+00	inf
1620	0.000000e+00	inf
1621	0.000000e+00	inf
1622	0.000000e+00	inf
1623	0.000000e+00	inf
1624	0.000000e+00	inf
1625	0.000000e+00	inf
1626	0.000000e+00	inf
1627	0.000000e+00	inf
1628	0.000000e+00	inf
1629	0.000000e+00	inf
1630	0.000000e+00	inf
1631	0.000000e+00	inf
1632	0.000000e+00	inf
1633	0.000000e+00	inf
1634	0.000000e+00	inf
1635	0.000000e+00	inf
1636	0.000000e+00	inf
1637	0.000000e+00	inf
1638	0.000000e+00	inf
1639	0.000000e+00	inf
1640	0.000000e+00	inf
1641	0.000000e+00	inf
1642	0.000000e+00	inf
1643	0.000000e+00	inf
1644	0.000000e+00	inf
1645	0.000000e+00	inf
1646	0.000000e+00	inf
1647	0.000000e+00	inf
1648	0.000000e+00	inf
1649	0.000000e+00	inf
1650	0.000000e+00	inf
1651	0.000000e+00	inf
1652	0.000000e+00	inf
1653	0.000000e+00	inf
1654	0.000000e+00	inf
1655	0.000000e+00	inf
1656	0.000000e+00	inf
1657	0.000000e+00	inf
1658	0.000000e+00	inf
1659	0.000000e+00	inf
1660	0.000000e+00	inf
1661	0.000000e+00	inf
1662	0.000000e+00	inf
1663	0.000000e+00	inf
1664	0.000000e+00	inf
1665	0.000000e+00	inf
1666	0.000000e+00	inf
1667	0.000000e+00	inf
1668	0.000000e+00	inf
1669	0.000000e+00	inf
1670	0.000000e+00	inf
1671	0.000000e+00	inf
1672	0.000000e+00	inf
1673	0.000000e+00	inf
1674	0.000000e+00	inf
1675	0.000000e+00	inf
1676	0.000000e+00	inf
1677	0.000000e+00	inf
1678	0.000000e+00	inf
1679	0.000000e+00	inf
1680	0.000000e+00	inf
1681	0.000000e+00	inf
1682	0.000000e+00	inf
1683	0.000000e+00	inf
1684	0.000000e+00	inf
1685	0.000000e+00	inf
1686	0.000000e+00	inf
1687	0.000000e+00	inf
1688	0.000000e+00	inf
1689	0.000000e+00	inf
1690	0.000000e+00	inf
1691	0.000000e+00	inf
1692	0.000000e+00	inf
1693	0.000000e+00	inf
1694	0.000000e+00	inf
1695	0.000000e+00	inf
1696	0.000000e+00	inf
1697	0.000000e+00	inf
1698	0.000000e+00	inf
1699	0.000000e+00	inf
1700	0.000000e+00	inf
1701	0.000000e+00	inf
1702	0.000000e+00	inf
1703	0.000000e+00	inf
1704	0.000000e+00	inf
1705	0.000000e+00	inf
1706	0.000000e+00	inf
1707	0.000000e+00	inf
1708	0.000000e+00	inf
1709	0.000000e+00	inf
1710	0.000000e+00	inf
1711	0.000000e+00	inf
1712	0.000000e+00	inf
1713	0.000000e+00	inf
1714	0.000000e+00	inf
1715	0.000000e+00	inf
1716	0.000000e+00	inf
1717	0.000000e+00	inf
1718	0.000000e+00	inf
1719	0.000000e+00	inf
1720	0.000000e+00	inf
1721	0.000000e+00	inf
1722	0.000000e+00	inf
1723	0.000000e+00	inf
1724	0.000000e+00	inf
1725	0.000000e+00	inf
1726	0.000000e+00	inf
1727	0.000000e+00	inf
1728	1.711473e-42	9.617122e+01
1729	0.000000e+00	inf
1730	0.000000e+00	inf
1731	8.323551e-42	9.458948e+01
1732	0.000000e+00	inf
1733	1.255496e-41	9.417846e+01
1734	0.000000e+00	inf
1735	3.142836e-41	9.326086e+01
1736	2.425392e-41	9.352000e+01
1737	8.818778e-41	9.222911e+01
1738	1.841939e-40	9.149259e+01
1739	3.157581e-40	9.095360e+01
1740	4.434758e-40	9.061393e+01
1741	1.072083e-39	8.973121e+01
1742	1.125459e-39	8.968263e+01
1743	1.909804e-39	8.915382e+01
1744	3.064197e-39	8.868103e+01
1745	6.886621e-39	8.787124e+01
1746	8.864815e-39	8.761873e+01
1747	1.402068e-38	8.716029e+01
1748	2.381642e-38	8.663044e+01
1749	4.238366e-38	8.605406e+01
1750	6.897741e-38	8.556704e+01
1751	1.084119e-37	8.511488e+01
1752	1.788228e-37	8.461442e+01
1753	2.913695e-37	8.412623e+01
1754	4.216073e-37	8.375674e+01
1755	7.504337e-37	8.318017e+01
1756	1.198571e-36	8.271193e+01
1757	1.757022e-36	8.232944e+01
1758	3.337196e-36	8.168793e+01
1759	5.156823e-36	8.125274e+01
1760	8.125692e-36	8.079803e+01
1761	1.270278e-35	8.035124e+01
1762	2.104847e-35	7.984624e+01
1763	3.299511e-35	7.939670e+01
1764	5.271050e-35	7.892825e+01
1765	8.544416e-35	7.844520e+01
1766	1.272146e-34	7.804719e+01
1767	2.144751e-34	7.752487e+01
1768	3.383128e-34	7.706909e+01
1769	5.397202e-34	7.660201e+01
1770	8.593364e-34	7.613690e+01
1771	1.341752e-33	7.569133e+01
1772	2.147882e-33	7.522083e+01
1773	3.342627e-33	7.477855e+01
1774	5.529197e-33	7.427527e+01
1775	8.600868e-33	7.383344e+01
1776	1.365386e-32	7.337129e+01
1777	2.144994e-32	7.291959e+01
1778	3.413329e-32	7.245503e+01
1779	5.291183e-32	7.201668e+01
1780	8.279298e-32	7.156896e+01
1781	1.327241e-31	7.109704e+01
1782	2.036239e-31	7.066903e+01
1783	3.204954e-31	7.021544e+01
1784	5.160341e-31	6.973914e+01
1785	8.084328e-31	6.929021e+01
1786	1.217167e-30	6.888103e+01
1787	1.888011e-30	6.844203e+01
1788	3.014730e-30	6.797404e+01
1789	4.726432e-30	6.752438e+01
1790	6.775752e-30	6.716420e+01
1791	1.078755e-29	6.669916e+01
1792	1.538003e-29	6.634448e+01
1793	2.245983e-29	6.596582e+01
1794	3.240629e-29	6.559920e+01
1795	4.981713e-29	6.516919e+01
1796	6.597753e-29	6.488824e+01
1797	9.765905e-29	6.449607e+01
1798	1.345970e-28	6.417527e+01
1799	1.930714e-28	6.381449e+01
1800	2.722238e-28	6.347093e+01
1801	3.882723e-28	6.311585e+01
1802	5.375120e-28	6.279060e+01
1803	7.523982e-28	6.245429e+01
1804	1.032319e-27	6.213799e+01
1805	1.476700e-27	6.177999e+01
1806	2.077390e-27	6.143869e+01
1807	2.795892e-27	6.114165e+01
1808	4.001093e-27	6.078323e+01
1809	5.359659e-27	6.049090e+01
1810	7.583604e-27	6.014381e+01
1811	1.072799e-26	5.979694e+01
1812	1.495823e-26	5.946454e+01
1813	2.040027e-26	5.915425e+01
1814	3.000224e-26	5.876853e+01
1815	4.127741e-26	5.844948e+01
1816	5.748067e-26	5.811835e+01
1817	8.095487e-26	5.777591e+01
1818	1.153965e-25	5.742142e+01
1819	1.600539e-25	5.709429e+01
1820	2.133768e-25	5.680674e+01
1821	3.122683e-25	5.642593e+01
1822	4.454157e-25	5.607079e+01
1823	6.682866e-25	5.566508e+01
1824	8.486214e-25	5.542618e+01
1825	1.254664e-24	5.503517e+01
1826	1.626869e-24	5.477538e+01
1827	2.342676e-24	5.441075e+01
1828	3.366220e-24	5.404825e+01
1829	4.652033e-24	5.372474e+01
1830	6.996420e-24	5.331664e+01
1831	1.004824e-23	5.295464e+01
1832	1.396703e-23	5.262534e+01
1833	2.014362e-23	5.225915e+01
1834	2.966488e-23	5.187208e+01
1835	3.922808e-23	5.159265e+01
1836	5.983916e-23	5.117038e+01
1837	9.233556e-23	5.073661e+01
1838	1.247084e-22	5.043606e+01
1839	1.773617e-22	5.008385e+01
1840	2.797753e-22	4.962806e+01
1841	3.831757e-22	4.931355e+01
1842	5.488798e-22	4.895416e+01
1843	8.735937e-22	4.848943e+01
1844	1.241600e-21	4.813789e+01
1845	1.862156e-21	4.773255e+01
1846	2.618263e-21	4.739178e+01
1847	3.932270e-21	4.698507e+01
1848	5.477356e-21	4.665366e+01
1849	8.274613e-21	4.624109e+01
1850	1.200713e-20	4.586879e+01
1851	1.821806e-20	4.545187e+01
1852	2.480592e-20	4.514320e+01
1853	3.942094e-20	4.467999e+01
1854	5.547679e-20	4.433832e+01
1855	7.885239e-20	4.398671e+01
1856	1.167708e-19	4.359407e+01
1857	1.688130e-19	4.322550e+01
1858	2.484430e-19	4.283907e+01
1859	3.539136e-19	4.248523e+01
1860	5.132457e-19	4.211353e+01
1861	7.243416e-19	4.176902e+01
1862	1.050341e-18	4.139742e+01
1863	1.481031e-18	4.105379e+01
1864	2.195666e-18	4.066005e+01
1865	3.249670e-18	4.026798e+01
1866	4.495952e-18	3.994335e+01
1867	6.571945e-18	3.956372e+01
1868	9.516173e-18	3.919354e+01
1869	1.280953e-17	3.889634e+01
1870	1.857186e-17	3.852488e+01
1871	2.623789e-17	3.817933e+01
1872	3.558324e-17	3.787466e+01
1873	4.722445e-17	3.759162e+01
1874	6.195287e-17	3.732016e+01
1875	9.015057e-17	3.694505e+01
1876	1.165034e-16	3.668861e+01
1877	1.520420e-16	3.642237e+01
1878	1.959996e-16	3.616842e+01
1879	2.467773e-16	3.593805e+01
1880	2.955729e-16	3.575762e+01
1881	4.024482e-16	3.544897e+01
1882	4.760790e-16	3.528095e+01
1883	6.045528e-16	3.504204e+01
1884	7.424959e-16	3.483651e+01
1885	9.729233e-16	3.456623e+01
1886	1.147053e-15	3.440158e+01
1887	1.486853e-15	3.414211e+01
1888	1.836810e-15	3.393075e+01
1889	2.289422e-15	3.371048e+01
1890	2.907609e-15	3.347145e+01
1891	3.764117e-15	3.321326e+01
1892	4.806668e-15	3.296877e+01
1893	5.622841e-15	3.281194e+01
1894	7.579771e-15	3.251329e+01
1895	9.354223e-15	3.230295e+01
1896	1.150745e-14	3.209578e+01
1897	1.448340e-14	3.186577e+01
1898	1.868199e-14	3.161122e+01
1899	2.284299e-14	3.141013e+01
1900	3.152138e-14	3.108811e+01
1901	3.878400e-14	3.088077e+01
1902	4.617868e-14	3.070626e+01
1903	5.935537e-14	3.045523e+01
1904	7.403573e-14	3.023423e+01
1905	9.283062e-14	3.000800e+01
1906	1.149037e-13	2.979468e+01
1907	1.536911e-13	2.950383e+01
1908	1.850905e-13	2.931793e+01
1909	2.618536e-13	2.897099e+01
1910	3.134668e-13	2.879108e+01
1911	4.005659e-13	2.854590e+01
1912	5.168417e-13	2.829104e+01
1913	6.490336e-13	2.806329e+01
1914	8.645075e-13	2.777662e+01
1915	1.144297e-12	2.749623e+01
1916	1.474349e-12	2.724280e+01
1917	1.822535e-12	2.703079e+01
1918	2.420992e-12	2.674684e+01
1919	2.843522e-12	2.658598e+01
1920	3.598277e-12	2.635057e+01
1921	4.910235e-12	2.603970e+01
1922	6.137460e-12	2.581661e+01
1923	7.386933e-12	2.563131e+01
1924	1.014389e-11	2.531415e+01
1925	1.260740e-11	2.509674e+01
1926	1.484981e-11	2.493303e+01
1927	1.990427e-11	2.464009e+01
1928	2.431851e-11	2.443978e+01
1929	2.962083e-11	2.424254e+01
1930	3.637806e-11	2.403706e+01
1931	4.637194e-11	2.379433e+01
1932	5.571666e-11	2.361074e+01
1933	7.090950e-11	2.336962e+01
1934	8.683249e-11	2.316704e+01
1935	1.063467e-10	2.296432e+01
1936	1.316058e-10	2.275121e+01
1937	1.634542e-10	2.253449e+01
1938	1.946401e-10	2.235987e+01
1939	2.431157e-10	2.213748e+01
1940	2.962084e-10	2.193996e+01
1941	3.598516e-10	2.174533e+01
1942	4.549319e-10	2.151087e+01
1943	5.276403e-10	2.136261e+01
1944	6.633645e-10	2.113370e+01
1945	8.191425e-10	2.092276e+01
1946	1.009783e-09	2.071353e+01
1947	1.176344e-09	2.056085e+01
1948	1.459530e-09	2.034515e+01
1949	1.827085e-09	2.012054e+01
1950	2.169308e-09	1.994886e+01
1951	2.628511e-09	1.975685e+01
1952	3.315812e-09	1.952456e+01
1953	4.013324e-09	1.933365e+01
1954	4.677138e-09	1.918058e+01
1955	5.908419e-09	1.894689e+01
1956	7.117991e-09	1.876064e+01
1957	9.043247e-09	1.852125e+01
1958	1.064087e-08	1.835856e+01
1959	1.279852e-08	1.817394e+01
1960	1.551835e-08	1.798124e+01
1961	1.851849e-08	1.780450e+01
1962	2.186333e-08	1.763846e+01
1963	2.541083e-08	1.748809e+01
1964	3.061904e-08	1.730164e+01
1965	3.797219e-08	1.708641e+01
1966	4.389831e-08	1.694139e+01
1967	5.382234e-08	1.673758e+01
1968	6.247355e-08	1.658852e+01
1969	7.362603e-08	1.642427e+01
1970	9.263436e-08	1.619461e+01
1971	1.038685e-07	1.608014e+01
1972	1.233256e-07	1.590844e+01
1973	1.520776e-07	1.569888e+01
1974	1.770061e-07	1.554708e+01
1975	2.068892e-07	1.539108e+01
1976	2.483892e-07	1.520827e+01
1977	2.921866e-07	1.504587e+01
1978	3.405492e-07	1.489271e+01
1979	3.870605e-07	1.476468e+01
1980	4.806602e-07	1.454811e+01
1981	5.508347e-07	1.441183e+01
1982	6.585092e-07	1.423329e+01
1983	7.944964e-07	1.404556e+01
1984	9.326608e-07	1.388522e+01
1985	1.130990e-06	1.369242e+01
1986	1.292752e-06	1.355874e+01
1987	1.461200e-06	1.343625e+01
1988	1.773361e-06	1.324263e+01
1989	2.128923e-06	1.305989e+01
1990	2.401710e-06	1.293933e+01
1991	2.903490e-06	1.274960e+01
1992	3.337555e-06	1.261027e+01
1993	3.751540e-06	1.249334e+01
1994	4.578509e-06	1.229414e+01
1995	5.449964e-06	1.211990e+01
1996	6.203566e-06	1.199039e+01
1997	6.809520e-06	1.189719e+01
1998	8.056295e-06	1.172906e+01
1999	9.969607e-06	1.151597e+01
2000	1.049585e-05	1.146453e+01
2001	1.196199e-05	1.133378e+01
2002	1.369752e-05	1.119830e+01
2003	1.559889e-05	1.106831e+01
2004	1.742559e-05	1.095757e+01
2005	1.958910e-05	1.084054e+01
2006	2.169143e-05	1.073859e+01
2007	2.524948e-05	1.058670e+01
2008	2.860814e-05	1.046182e+01
2009	3.115690e-05	1.037647e+01
2010	3.414472e-05	1.028490e+01
2011	3.777861e-05	1.018377e+01
2012	4.283063e-05	1.005826e+01
2013	5.092418e-05	9.885173e+00
2014	5.202463e-05	9.863793e+00
2015	6.046383e-05	9.713465e+00
2016	6.736076e-05	9.605448e+00
2017	7.206040e-05	9.538006e+00
2018	8.172527e-05	9.412147e+00
2019	8.797690e-05	9.338436e+00
2020	9.692597e-05	9.241563e+00
2021	1.112108e-04	9.104083e+00
2022	1.184345e-04	9.041150e+00
2023	1.313057e-04	8.937982e+00
2024	1.445263e-04	8.842049e+00
2025	1.579786e-04	8.753051e+00
2026	1.765154e-04	8.642102e+00
2027	1.946232e-04	8.544445e+00
2028	2.143757e-04	8.447781e+00
2029	2.370810e-04	8.347109e+00
2030	2.548231e-04	8.274941e+00
2031	2.730710e-04	8.205779e+00
2032	2.824345e-04	8.172064e+00
2033	3.393336e-04	7.988527e+00
2034	3.518001e-04	7.952447e+00
2035	3.930318e-04	7.841620e+00
2036	4.057570e-04	7.809756e+00
2037	4.386171e-04	7.731884e+00
2038	5.105733e-04	7.579976e+00
2039	5.487527e-04	7.507863e+00
2040	5.864572e-04	7.441411e+00
2041	6.219454e-04	7.382658e+00
2042	6.967783e-04	7.269043e+00
2043	7.867847e-04	7.147556e+00
2044	9.006186e-04	7.012429e+00
2045	9.674856e-04	6.940810e+00
2046	1.067435e-03	6.842497e+00
2047	1.161150e-03	6.758345e+00
2048	1.324945e-03	6.626384e+00
2049	1.467532e-03	6.524173e+00
2050	1.673314e-03	6.392949e+00
2051	1.751987e-03	6.347005e+00
2052	1.889634e-03	6.271372e+00
2053	2.172208e-03	6.132011e+00
2054	2.419734e-03	6.024098e+00
2055	2.511132e-03	5.987021e+00
2056	2.753609e-03	5.894843e+00
2057	3.084354e-03	5.781413e+00
2058	3.215932e-03	5.739638e+00
2059	3.538072e-03	5.644173e+00
2060	3.753410e-03	5.585090e+00
2061	4.093030e-03	5.498470e+00
2062	4.536307e-03	5.395642e+00
2063	4.921545e-03	5.314133e+00
2064	5.225196e-03	5.254263e+00
2065	5.725717e-03	5.162787e+00
2066	5.907650e-03	5.131507e+00
2067	6.231284e-03	5.078173e+00
2068	6.916601e-03	4.973831e+00
2069	7.383015e-03	4.908573e+00
2070	8.097395e-03	4.816213e+00
2071	8.321654e-03	4.788894e+00
2072	8.671618e-03	4.747700e+00
2073	9.533036e-03	4.652992e+00
2074	1.014899e-02	4.590381e+00
2075	1.034697e-02	4.571062e+00
2076	1.073888e-02	4.533884e+00
2077	1.108813e-02	4.501880e+00
2078	1.145866e-02	4.469010e+00
2079	1.163260e-02	4.453944e+00
2080	1.262721e-02	4.371901e+00
2081	1.212112e-02	4.412806e+00
2082	1.218855e-02	4.407259e+00
2083	1.243433e-02	4.387294e+00
2084	1.276306e-02	4.361201e+00
2085	1.268176e-02	4.367591e+00
2086	1.367615e-02	4.292102e+00
2087	1.358197e-02	4.299012e+00
2088	1.353010e-02	4.302838e+00
2089	1.367803e-02	4.291964e+00
2090	1.392768e-02	4.273877e+00
2091	1.462826e-02	4.224800e+00
2092	1.488286e-02	4.207545e+00
2093	1.459741e-02	4.226911e+00
2094	1.508613e-02	4.193980e+00
2095	1.568101e-02	4.155305e+00
2096	1.592739e-02	4.139715e+00
2097	1.511096e-02	4.192335e+00
2098	1.533457e-02	4.177646e+00
2099	1.583144e-02	4.145757e+00
2100	1.541241e-02	4.172582e+00
2101	1.560378e-02	4.160242e+00
2102	1.561314e-02	4.159642e+00
2103	1.602850e-02	4.133387e+00
2104	1.588069e-02	4.142651e+00
2105	1.589556e-02	4.141716e+00
2106	1.563898e-02	4.157989e+00
2107	1.597276e-02	4.136870e+00
2108	1.516303e-02	4.188895e+00
2109	1.461997e-02	4.225367e+00
2110	1.448787e-02	4.234444e+00
2111	1.446639e-02	4.235927e+00
2112	1.454245e-02	4.230683e+00
2113	1.419628e-02	4.254775e+00
2114	1.418081e-02	4.255866e+00
2115	1.363210e-02	4.295328e+00
2116	1.339064e-02	4.313199e+00
2117	1.250764e-02	4.381416e+00
2118	1.265184e-02	4.369953e+00
2119	1.177004e-02	4.442198e+00
2120	1.162636e-02	4.454481e+00
2121	1.162868e-02	4.454281e+00
2122	1.120727e-02	4.491192e+00
2123	1.029176e-02	4.576412e+00
2124	1.033920e-02	4.571813e+00
2125	9.493563e-03	4.657141e+00
2126	9.467462e-03	4.659894e+00
2127	9.073220e-03	4.702428e+00
2128	8.289268e-03	4.792794e+00
2129	8.359724e-03	4.784330e+00
2130	7.954248e-03	4.834049e+00
2131	7.515363e-03	4.890806e+00
2132	7.147970e-03	4.940927e+00
2133	6.875020e-03	4.979861e+00
2134	6.401706e-03	5.051191e+00
2135	6.142440e-03	5.092533e+00
2136	5.773394e-03	5.154495e+00
2137	5.556117e-03	5.192856e+00
2138	4.942259e-03	5.309933e+00
2139	5.073972e-03	5.283631e+00
2140	4.473280e-03	5.409633e+00
2141	4.444669e-03	5.416050e+00
2142	4.098295e-03	5.497184e+00
2143	3.879315e-03	5.552097e+00
2144	3.667843e-03	5.608151e+00
2145	3.398789e-03	5.684336e+00
2146	3.156152e-03	5.758402e+00
2147	2.961478e-03	5.822067e+00
2148	2.795093e-03	5.879890e+00
2149	2.579932e-03	5.959992e+00
2150	2.398406e-03	6.032951e+00
2151	2.296309e-03	6.076452e+00
2152	2.139856e-03	6.147017e+00
2153	1.939380e-03	6.245387e+00
2154	1.898454e-03	6.266716e+00
2155	1.783503e-03	6.329176e+00
2156	1.612391e-03	6.430037e+00
2157	1.469743e-03	6.522668e+00
2158	1.310360e-03	6.637453e+00
2159	1.346216e-03	6.610458e+00
2160	1.180326e-03	6.741965e+00
2161	1.108179e-03	6.805038e+00
2162	1.007928e-03	6.899859e+00
2163	1.032999e-03	6.875289e+00
2164	9.036121e-04	7.009110e+00
2165	8.210668e-04	7.104906e+00
2166	8.089617e-04	7.119759e+00
2167	7.191071e-04	7.237500e+00
2168	6.930369e-04	7.274427e+00
2169	5.876392e-04	7.439397e+00
2170	5.354794e-04	7.532348e+00
2171	5.331722e-04	7.536666e+00
2172	5.158610e-04	7.569673e+00
2173	4.702254e-04	7.662298e+00
2174	4.235705e-04	7.766790e+00
2175	3.875665e-04	7.855623e+00
2176	3.624797e-04	7.922542e+00
2177	3.366209e-04	7.996553e+00
2178	3.046388e-04	8.096384e+00
2179	2.827291e-04	8.171022e+00
2180	2.581543e-04	8.261953e+00
2181	2.265246e-04	8.392657e+00
2182	2.132443e-04	8.453072e+00
2183	1.915662e-04	8.560277e+00
2184	1.712187e-04	8.672569e+00
2185	1.613087e-04	8.732190e+00
2186	1.446195e-04	8.841404e+00
2187	1.351920e-04	8.908815e+00
2188	1.200818e-04	9.027337e+00
2189	1.060344e-04	9.151747e+00
2190	9.862625e-05	9.224173e+00
2191	8.859148e-05	9.331475e+00
2192	7.800787e-05	9.458701e+00
2193	7.147196e-05	9.546205e+00
2194	6.244052e-05	9.681296e+00
2195	5.976364e-05	9.725113e+00
2196	5.102997e-05	9.883097e+00
2197	4.537929e-05	1.000045e+01
2198	4.136321e-05	1.009312e+01
2199	3.666468e-05	1.021370e+01
2200	3.367384e-05	1.029879e+01
2201	2.955197e-05	1.042936e+01
2202	2.940421e-05	1.043437e+01
2203	2.289990e-05	1.068438e+01
2204	2.058009e-05	1.079119e+01
2205	1.976077e-05	1.083181e+01
2206	1.745570e-05	1.095584e+01
2207	1.414624e-05	1.116606e+01
2208	1.368332e-05	1.119933e+01
2209	1.239987e-05	1.129782e+01
2210	1.053766e-05	1.146055e+01
2211	9.360732e-06	1.157899e+01
2212	8.885577e-06	1.163108e+01
2213	8.172212e-06	1.171477e+01
2214	6.940152e-06	1.187819e+01
2215	6.166020e-06	1.199646e+01
2216	5.838745e-06	1.205099e+01
2217	5.043531e-06	1.219740e+01
2218	4.313967e-06	1.235365e+01
2219	4.036116e-06	1.242023e+01
2220	3.759861e-06	1.249113e+01
2221	3.137169e-06	1.267219e+01
2222	2.979315e-06	1.272382e+01
2223	2.444571e-06	1.292164e+01
2224	2.390503e-06	1.294401e+01
2225	2.055236e-06	1.309512e+01
2226	1.891349e-06	1.317822e+01
2227	1.616290e-06	1.333538e+01
2228	1.503914e-06	1.340744e+01
2229	1.271037e-06	1.357568e+01
2230	1.229621e-06	1.360880e+01
2231	1.066606e-06	1.375103e+01
2232	9.495204e-07	1.386731e+01
2233	8.155288e-07	1.401943e+01
2234	7.470849e-07	1.410709e+01
2235	6.480435e-07	1.424931e+01
2236	5.889325e-07	1.434495e+01
2237	5.220982e-07	1.446541e+01
2238	4.537866e-07	1.460564e+01
2239	4.114074e-07	1.470368e+01
2240	3.652078e-07	1.482280e+01
2241	3.177339e-07	1.496205e+01
2242	2.931626e-07	1.504254e+01
2243	2.596623e-07	1.516388e+01
2244	2.260316e-07	1.530259e+01
2245	1.983643e-07	1.543316e+01
2246	1.792369e-07	1.553456e+01
2247	1.474630e-07	1.572969e+01
2248	1.322208e-07	1.583879e+01
2249	1.117501e-07	1.600700e+01
2250	1.030239e-07	1.608830e+01
2251	8.648731e-08	1.626327e+01
2252	7.115822e-08	1.645836e+01
2253	6.093006e-08	1.661354e+01
2254	5.166220e-08	1.677854e+01
2255	4.272225e-08	1.696855e+01
2256	3.645050e-08	1.712731e+01
2257	3.051308e-08	1.730511e+01
2258	2.597556e-08	1.746611e+01
2259	2.050900e-08	1.770240e+01
2260	1.739250e-08	1.786723e+01
2261	1.490973e-08	1.802125e+01
2262	1.250701e-08	1.819698e+01
2263	1.028256e-08	1.839282e+01
2264	8.684130e-09	1.856177e+01
2265	7.711395e-09	1.868057e+01
2266	6.474746e-09	1.885536e+01
2267	5.490928e-09	1.902017e+01
2268	4.712212e-09	1.917311e+01
2269	4.022381e-09	1.933139e+01
2270	3.673278e-09	1.942218e+01
2271	2.969851e-09	1.963475e+01
2272	2.676199e-09	1.973887e+01
2273	2.231068e-09	1.992079e+01
2274	1.983038e-09	2.003864e+01
2275	1.700856e-09	2.019213e+01
2276	1.493677e-09	2.032202e+01
2277	1.273132e-09	2.048179e+01
2278	1.088499e-09	2.063847e+01
2279	9.808800e-10	2.074257e+01
2280	8.262824e-10	2.091408e+01
2281	7.339598e-10	2.103257e+01
2282	6.191267e-10	2.120271e+01
2283	5.585496e-10	2.130568e+01
2284	4.670290e-10	2.148463e+01
2285	4.292792e-10	2.156891e+01
2286	3.547565e-10	2.175959e+01
2287	3.242819e-10	2.184941e+01
2288	2.781737e-10	2.200278e+01
2289	2.450132e-10	2.212971e+01
2290	2.107337e-10	2.228043e+01
2291	1.751507e-10	2.246537e+01
2292	1.555209e-10	2.258424e+01
2293	1.311424e-10	2.275474e+01
2294	1.121929e-10	2.291080e+01
2295	9.760563e-11	2.305009e+01
2296	8.656370e-11	2.317014e+01
2297	7.403290e-11	2.332651e+01
2298	6.689806e-11	2.342785e+01
2299	5.792504e-11	2.357187e+01
2300	4.862216e-11	2.374694e+01
2301	4.116550e-11	2.391342e+01
2302	3.874697e-11	2.397397e+01
2303	3.175921e-11	2.417284e+01
2304	2.794900e-11	2.430064e+01
2305	2.590147e-11	2.437672e+01
2306	2.175505e-11	2.455118e+01
2307	2.020800e-11	2.462494e+01
2308	1.811730e-11	2.473415e+01
2309	1.566317e-11	2.487971e+01
2310	1.482053e-11	2.493501e+01
2311	1.215645e-11	2.513316e+01
2312	1.096330e-11	2.523647e+01
2313	1.008819e-11	2.531966e+01
2314	8.612679e-12	2.547779e+01
2315	8.008703e-12	2.555049e+01
2316	7.045023e-12	2.567870e+01
2317	6.026338e-12	2.583488e+01
2318	5.295703e-12	2.596413e+01
2319	4.720286e-12	2.607915e+01
2320	4.216434e-12	2.619203e+01
2321	3.632781e-12	2.634102e+01
2322	3.126726e-12	2.649103e+01
2323	2.722224e-12	2.662957e+01
2324	2.427008e-12	2.674436e+01
2325	2.174806e-12	2.685408e+01
2326	1.807399e-12	2.703913e+01
2327	1.667813e-12	2.711951e+01
2328	1.399130e-12	2.729517e+01
2329	1.224808e-12	2.742824e+01
2330	1.071549e-12	2.756192e+01
2331	9.217282e-13	2.771253e+01
2332	7.856589e-13	2.787225e+01
2333	7.199835e-13	2.795955e+01
2334	6.086422e-13	2.812755e+01
2335	5.144160e-13	2.829574e+01
2336	4.435346e-13	2.844400e+01
2337	3.928838e-13	2.856526e+01
2338	3.258075e-13	2.875247e+01
2339	2.867781e-13	2.888007e+01
2340	2.423391e-13	2.904844e+01
2341	2.212288e-13	2.913958e+01
2342	1.951544e-13	2.926499e+01
2343	1.576601e-13	2.947834e+01
2344	1.314507e-13	2.966014e+01
2345	1.115951e-13	2.982390e+01
2346	9.790730e-14	2.995476e+01
2347	7.737725e-14	3.019008e+01
2348	7.132699e-14	3.027150e+01
2349	5.855273e-14	3.046885e+01
2350	4.981203e-14	3.063052e+01
2351	4.076754e-14	3.083089e+01
2352	3.491510e-14	3.098586e+01
2353	2.763522e-14	3.121969e+01
2354	2.370755e-14	3.137298e+01
2355	2.021710e-14	3.153225e+01
2356	1.566229e-14	3.178752e+01
2357	1.353818e-14	3.193326e+01
2358	1.028940e-14	3.220766e+01
2359	9.224004e-15	3.231697e+01
2360	7.475886e-15	3.252709e+01
2361	6.560017e-15	3.265778e+01
2362	5.183925e-15	3.289321e+01
2363	4.509728e-15	3.303254e+01
2364	3.607939e-15	3.325564e+01
2365	3.067188e-15	3.341802e+01
2366	2.496317e-15	3.362396e+01
2367	2.135944e-15	3.377987e+01
2368	1.833748e-15	3.393241e+01
2369	1.499694e-15	3.413352e+01
2370	1.240078e-15	3.432360e+01
2371	1.032428e-15	3.450686e+01
2372	8.647843e-16	3.468405e+01
2373	7.214760e-16	3.486523e+01
2374	5.925201e-16	3.506215e+01
2375	4.935898e-16	3.524483e+01
2376	4.183674e-16	3.541017e+01
2377	3.592649e-16	3.556247e+01
2378	2.827355e-16	3.580202e+01
2379	2.331844e-16	3.599470e+01
2380	1.954780e-16	3.617108e+01
2381	1.599995e-16	3.637136e+01
2382	1.442791e-16	3.647478e+01
2383	1.131453e-16	3.671786e+01
2384	8.929651e-17	3.695457e+01
2385	7.527728e-17	3.712535e+01
2386	6.260131e-17	3.730975e+01
2387	5.016567e-17	3.753120e+01
2388	4.166011e-17	3.771699e+01
2389	3.526597e-17	3.788361e+01
2390	2.854654e-17	3.809500e+01
2391	2.393612e-17	3.827114e+01
2392	1.820021e-17	3.854510e+01
2393	1.516457e-17	3.872757e+01
2394	1.355191e-17	3.884000e+01
2395	1.035035e-17	3.910951e+01
2396	9.290364e-18	3.921755e+01
2397	7.513343e-18	3.942985e+01
2398	5.922927e-18	3.966770e+01
2399	4.978055e-18	3.984149e+01
2400	4.324540e-18	3.998223e+01
2401	3.199144e-18	4.028365e+01
2402	2.919335e-18	4.037518e+01
2403	2.507508e-18	4.052724e+01
2404	2.059620e-18	4.072401e+01
2405	1.718706e-18	4.090496e+01
2406	1.444185e-18	4.107899e+01
2407	1.204505e-18	4.126046e+01
2408	1.008558e-18	4.143801e+01
2409	8.526653e-19	4.160592e+01
2410	7.431988e-19	4.174332e+01
2411	5.965072e-19	4.196320e+01
2412	5.206584e-19	4.209919e+01
2413	4.550371e-19	4.223391e+01
2414	3.779744e-19	4.241946e+01
2415	3.130717e-19	4.260785e+01
2416	2.608471e-19	4.279035e+01
2417	2.217047e-19	4.295294e+01
2418	1.856288e-19	4.313054e+01
2419	1.588950e-19	4.328604e+01
2420	1.356846e-19	4.344395e+01
2421	1.072983e-19	4.367867e+01
2422	9.041657e-20	4.384986e+01
2423	7.623993e-20	4.402040e+01
2424	6.438570e-20	4.418940e+01
2425	5.705580e-20	4.431026e+01
2426	4.563842e-20	4.453354e+01
2427	3.716957e-20	4.473880e+01
2428	3.245245e-20	4.487451e+01
2429	2.493191e-20	4.513814e+01
2430	2.293042e-20	4.522182e+01
2431	1.863658e-20	4.542916e+01
2432	1.512052e-20	4.563823e+01
2433	1.315225e-20	4.577769e+01
2434	1.059870e-20	4.599356e+01
2435	8.852528e-21	4.617358e+01
2436	7.431437e-21	4.634857e+01
2437	5.912602e-21	4.657720e+01
2438	5.085539e-21	4.672789e+01
2439	4.263129e-21	4.690428e+01
2440	3.228690e-21	4.718221e+01
2441	2.617888e-21	4.739192e+01
2442	2.351162e-21	4.749938e+01
2443	1.731199e-21	4.780547e+01
2444	1.455864e-21	4.797869e+01
2445	1.297546e-21	4.809381e+01
2446	9.585228e-22	4.839665e+01
2447	7.963746e-22	4.858197e+01
2448	6.615264e-22	4.876749e+01
2449	5.282915e-22	4.899239e+01
2450	4.296520e-22	4.919907e+01
2451	3.432938e-22	4.942346e+01
2452	2.897743e-22	4.959294e+01
2453	2.584352e-22	4.970740e+01
2454	2.134832e-22	4.989848e+01
2455	1.890888e-22	5.001983e+01
2456	1.413010e-22	5.031115e+01
2457	1.247385e-22	5.043582e+01
2458	1.107214e-22	5.055503e+01
2459	8.878942e-23	5.077577e+01
2460	7.700867e-23	5.091812e+01
2461	6.350013e-23	5.111100e+01
2462	5.610730e-23	5.123478e+01
2463	4.767205e-23	5.139770e+01
2464	3.855782e-23	5.160988e+01
2465	3.442337e-23	5.172331e+01
2466	2.847152e-23	5.191314e+01
2467	2.387394e-23	5.208925e+01
2468	2.093036e-23	5.222084e+01
2469	1.797340e-23	5.237315e+01
2470	1.495815e-23	5.255679e+01
2471	1.334294e-23	5.267105e+01
2472	1.122500e-23	5.284390e+01
2473	9.104234e-24	5.305330e+01
2474	7.872052e-24	5.319872e+01
2475	6.925539e-24	5.332683e+01
2476	5.930213e-24	5.348198e+01
2477	4.888303e-24	5.367520e+01
2478	4.213331e-24	5.382379e+01
2479	3.590248e-24	5.398382e+01
2480	3.009389e-24	5.416031e+01
2481	2.564575e-24	5.432025e+01
2482	2.194790e-24	5.447596e+01
2483	1.877920e-24	5.463188e+01
2484	1.575533e-24	5.480745e+01
2485	1.365405e-24	5.495059e+01
2486	1.092331e-24	5.517373e+01
2487	9.453633e-25	5.531823e+01
2488	8.149289e-25	5.546670e+01
2489	7.148298e-25	5.559775e+01
2490	6.117118e-25	5.575354e+01
2491	4.724468e-25	5.601187e+01
2492	4.110153e-25	5.615117e+01
2493	3.483445e-25	5.631661e+01
2494	2.881802e-25	5.650621e+01
2495	2.436125e-25	5.667422e+01
2496	1.930689e-25	5.690675e+01
2497	1.588570e-25	5.710179e+01
2498	1.407983e-25	5.722247e+01
2499	1.157569e-25	5.741831e+01
2500	9.715414e-26	5.759350e+01
2501	7.998252e-26	5.778799e+01
2502	6.599574e-26	5.798021e+01
2503	5.283232e-26	5.820267e+01
2504	4.906109e-26	5.827673e+01
2505	3.904692e-26	5.850503e+01
2506	3.071036e-26	5.874520e+01
2507	2.557035e-26	5.892836e+01
2508	2.137031e-26	5.910779e+01
2509	1.745890e-26	5.930995e+01
2510	1.520643e-26	5.944808e+01
2511	1.218420e-26	5.966966e+01
2512	9.993399e-27	5.986787e+01
2513	8.345088e-27	6.004812e+01
2514	7.108545e-27	6.020850e+01
2515	5.767534e-27	6.041755e+01
2516	4.739673e-27	6.061383e+01
2517	3.905473e-27	6.080742e+01
2518	3.333730e-27	6.096571e+01
2519	2.717290e-27	6.117016e+01
2520	2.234145e-27	6.136594e+01
2521	1.816908e-27	6.157266e+01
2522	1.529096e-27	6.174512e+01
2523	1.265924e-27	6.193400e+01
2524	1.074009e-27	6.209840e+01
2525	8.855896e-28	6.229130e+01
2526	6.935892e-28	6.253567e+01
2527	5.770789e-28	6.271957e+01
2528	4.846774e-28	6.289407e+01
2529	4.113183e-28	6.305819e+01
2530	3.282309e-28	6.328384e+01
2531	2.867257e-28	6.341903e+01
2532	2.192743e-28	6.368723e+01
2533	1.816753e-28	6.387533e+01
2534	1.531502e-28	6.404613e+01
2535	1.297827e-28	6.421169e+01
2536	1.027537e-28	6.444522e+01
2537	7.977716e-29	6.469832e+01
2538	6.362357e-29	6.492457e+01
2539	5.023935e-29	6.516075e+01
2540	4.346382e-29	6.530562e+01
2541	3.215686e-29	6.560693e+01
2542	2.555455e-29	6.583674e+01
2543	2.065158e-29	6.604976e+01
2544	1.569336e-29	6.632431e+01
2545	1.252871e-29	6.654953e+01
2546	9.863705e-30	6.678869e+01
2547	7.107295e-30	6.711643e+01
2548	5.728192e-30	6.733215e+01
2549	4.329959e-30	6.761199e+01
2550	3.353164e-30	6.786765e+01
2551	2.689776e-30	6.808809e+01
2552	2.042434e-30	6.836341e+01
2553	1.605419e-30	6.860417e+01
2554	1.264196e-30	6.884312e+01
2555	9.706604e-31	6.910733e+01
2556	7.630031e-31	6.934805e+01
2557	6.173623e-31	6.955985e+01
2558	4.649037e-31	6.984348e+01
2559	3.767606e-31	7.005370e+01
2560	2.838606e-31	7.033682e+01
2561	2.259170e-31	7.056514e+01
2562	1.767337e-31	7.081066e+01
2563	1.369164e-31	7.106594e+01
2564	1.071627e-31	7.131096e+01
2565	8.603143e-32	7.153060e+01
2566	6.537715e-32	7.180514e+01
2567	5.410640e-32	7.199436e+01
2568	4.134479e-32	7.226336e+01
2569	3.333049e-32	7.247884e+01
2570	2.611063e-32	7.272297e+01
2571	2.076918e-32	7.295184e+01
2572	1.594200e-32	7.321635e+01
2573	1.340415e-32	7.338974e+01
2574	1.020543e-32	7.366239e+01
2575	7.934109e-33	7.391414e+01
2576	6.337174e-33	7.413888e+01
2577	5.121290e-33	7.435190e+01
2578	3.875390e-33	7.463066e+01
2579	3.202489e-33	7.482138e+01
2580	2.327635e-33	7.514046e+01
2581	2.033728e-33	7.527544e+01
2582	1.515237e-33	7.556974e+01
2583	1.202671e-33	7.580076e+01
2584	9.906894e-34	7.599466e+01
2585	7.438383e-34	7.628124e+01
2586	6.682508e-34	7.638840e+01
2587	4.916682e-34	7.669526e+01
2588	3.945994e-34	7.691519e+01
2589	3.191564e-34	7.712738e+01
2590	2.677103e-34	7.730316e+01
2591	1.874109e-34	7.765976e+01
2592	1.292753e-34	7.803112e+01
2593	1.167146e-34	7.813333e+01
2594	9.620941e-35	7.832654e+01
2595	7.477310e-35	7.857861e+01
2596	5.638817e-35	7.886080e+01
2597	4.146560e-35	7.916820e+01
2598	3.058030e-35	7.947271e+01
2599	3.480887e-35	7.934319e+01
2600	1.455388e-35	8.021521e+01
2601	1.571856e-35	8.013822e+01
2602	1.472317e-35	8.020364e+01
2603	9.189474e-36	8.067500e+01
2604	8.187975e-36	8.079040e+01
2605	2.415990e-36	8.201095e+01
2606	2.511754e-36	8.197208e+01
2607	1.048947e-35	8.054269e+01
2608	2.717501e-36	8.189335e+01
2609	2.902739e-36	8.182741e+01
2610	4.553138e-36	8.137725e+01
2611	1.665134e-36	8.238316e+01
2612	3.459306e-36	8.165200e+01
2613	1.793585e-36	8.230885e+01
2614	1.978822e-36	8.221056e+01
