0	0.000000e+00	inf
1	0.000000e+00	inf
2	0.000000e+00	inf
3	0.000000e+00	inf
4	0.000000e+00	inf
5	0.000000e+00	inf
6	0.000000e+00	inf
7	0.000000e+00	inf
8	0.000000e+00	inf
9	0.000000e+00	inf
10	0.000000e+00	inf
11	0.000000e+00	inf
12	0.000000e+00	inf
13	0.000000e+00	inf
14	0.000000e+00	inf
15	0.000000e+00	inf
16	0.000000e+00	inf
17	0.000000e+00	inf
18	0.000000e+00	inf
19	0.000000e+00	inf
20	0.000000e+00	inf
21	0.000000e+00	inf
22	0.000000e+00	inf
23	0.000000e+00	inf
24	0.000000e+00	inf
25	0.000000e+00	inf
26	0.000000e+00	inf
27	0.000000e+00	inf
28	0.000000e+00	inf
29	0.000000e+00	inf
30	0.000000e+00	inf
31	0.000000e+00	inf
32	0.000000e+00	inf
33	0.000000e+00	inf
34	0.000000e+00	inf
35	0.000000e+00	inf
36	0.000000e+00	inf
37	0.000000e+00	inf
38	0.000000e+00	inf
39	0.000000e+00	inf
40	0.000000e+00	inf
41	0.000000e+00	inf
42	0.000000e+00	inf
43	0.000000e+00	inf
44	0.000000e+00	inf
45	0.000000e+00	inf
46	0.000000e+00	inf
47	0.000000e+00	inf
48	0.000000e+00	inf
49	0.000000e+00	inf
50	0.000000e+00	inf
51	0.000000e+00	inf
52	0.000000e+00	inf
53	0.000000e+00	inf
54	0.000000e+00	inf
55	0.000000e+00	inf
56	0.000000e+00	inf
57	0.000000e+00	inf
58	0.000000e+00	inf
59	0.000000e+00	inf
60	0.000000e+00	inf
61	0.000000e+00	inf
62	0.000000e+00	inf
63	0.000000e+00	inf
64	0.000000e+00	inf
65	0.000000e+00	inf
66	0.000000e+00	inf
67	0.000000e+00	inf
68	0.000000e+00	inf
69	0.000000e+00	inf
70	0.000000e+00	inf
71	0.000000e+00	inf
72	0.000000e+00	inf
73	0.000000e+00	inf
74	0.000000e+00	inf
75	0.000000e+00	inf
76	0.000000e+00	inf
77	0.000000e+00	inf
78	0.000000e+00	inf
79	0.000000e+00	inf
80	0.000000e+00	inf
81	0.000000e+00	inf
82	0.000000e+00	inf
83	0.000000e+00	inf
84	0.000000e+00	inf
85	0.000000e+00	inf
86	0.000000e+00	inf
87	0.000000e+00	inf
88	0.000000e+00	inf
89	0.000000e+00	inf
90	0.000000e+00	inf
91	0.000000e+00	inf
92	0.000000e+00	inf
93	0.000000e+00	inf
94	0.000000e+00	inf
95	0.000000e+00	inf
96	0.000000e+00	inf
97	0.000000e+00	inf
98	0.000000e+00	inf
99	0.000000e+00	inf
100	0.000000e+00	inf
101	0.000000e+00	inf
102	0.000000e+00	inf
103	0.000000e+00	inf
104	0.000000e+00	inf
105	0.000000e+00	inf
106	0.000000e+00	inf
107	0.000000e+00	inf
108	0.000000e+00	inf
109	0.000000e+00	inf
110	0.000000e+00	inf
111	0.000000e+00	inf
112	0.000000e+00	inf
113	0.000000e+00	inf
114	0.000000e+00	inf
115	0.000000e+00	inf
116	0.000000e+00	inf
117	0.000000e+00	inf
118	0.000000e+00	inf
119	0.000000e+00	inf
120	0.000000e+00	inf
121	0.000000e+00	inf
122	0.000000e+00	inf
123	0.000000e+00	inf
124	0.000000e+00	inf
125	0.000000e+00	inf
126	0.000000e+00	inf
127	0.000000e+00	inf
128	0.000000e+00	inf
129	0.000000e+00	inf
130	0.000000e+00	inf
131	0.000000e+00	inf
132	0.000000e+00	inf
133	0.000000e+00	inf
134	0.000000e+00	inf
135	0.000000e+00	inf
136	0.000000e+00	inf
137	0.000000e+00	inf
138	0.000000e+00	inf
139	0.000000e+00	inf
140	0.000000e+00	inf
141	0.000000e+00	inf
142	0.000000e+00	inf
143	0.000000e+00	inf
144	0.000000e+00	inf
145	0.000000e+00	inf
146	0.000000e+00	inf
147	0.000000e+00	inf
148	0.000000e+00	inf
149	0.000000e+00	inf
150	0.000000e+00	inf
151	0.000000e+00	inf
152	0.000000e+00	inf
153	0.000000e+00	inf
154	0.000000e+00	inf
155	0.000000e+00	inf
156	0.000000e+00	inf
157	0.000000e+00	inf
158	0.000000e+00	inf
159	0.000000e+00	inf
160	0.000000e+00	inf
161	0.000000e+00	inf
162	0.000000e+00	inf
163	0.000000e+00	inf
164	0.000000e+00	inf
165	0.000000e+00	inf
166	0.000000e+00	inf
167	0.000000e+00	inf
168	0.000000e+00	inf
169	0.000000e+00	inf
170	0.000000e+00	inf
171	0.000000e+00	inf
172	0.000000e+00	inf
173	0.000000e+00	inf
174	0.000000e+00	inf
175	0.000000e+00	inf
176	0.000000e+00	inf
177	0.000000e+00	inf
178	0.000000e+00	inf
179	0.000000e+00	inf
180	0.000000e+00	inf
181	0.000000e+00	inf
182	0.000000e+00	inf
183	0.000000e+00	inf
184	0.000000e+00	inf
185	0.000000e+00	inf
186	0.000000e+00	inf
187	0.000000e+00	inf
188	0.000000e+00	inf
189	0.000000e+00	inf
190	0.000000e+00	inf
191	0.000000e+00	inf
192	0.000000e+00	inf
193	0.000000e+00	inf
194	0.000000e+00	inf
195	0.000000e+00	inf
196	0.000000e+00	inf
197	0.000000e+00	inf
198	0.000000e+00	inf
199	0.000000e+00	inf
200	0.000000e+00	inf
201	0.000000e+00	inf
202	0.000000e+00	inf
203	0.000000e+00	inf
204	0.000000e+00	inf
205	0.000000e+00	inf
206	0.000000e+00	inf
207	0.000000e+00	inf
208	0.000000e+00	inf
209	0.000000e+00	inf
210	0.000000e+00	inf
211	0.000000e+00	inf
212	0.000000e+00	inf
213	0.000000e+00	inf
214	0.000000e+00	inf
215	0.000000e+00	inf
216	0.000000e+00	inf
217	0.000000e+00	inf
218	0.000000e+00	inf
219	0.000000e+00	inf
220	0.000000e+00	inf
221	0.000000e+00	inf
222	0.000000e+00	inf
223	0.000000e+00	inf
224	0.000000e+00	inf
225	0.000000e+00	inf
226	0.000000e+00	inf
227	0.000000e+00	inf
228	0.000000e+00	inf
229	0.000000e+00	inf
230	0.000000e+00	inf
231	0.000000e+00	inf
232	0.000000e+00	inf
233	0.000000e+00	inf
234	0.000000e+00	inf
235	0.000000e+00	inf
236	0.000000e+00	inf
237	0.000000e+00	inf
238	0.000000e+00	inf
239	0.000000e+00	inf
240	0.000000e+00	inf
241	0.000000e+00	inf
242	0.000000e+00	inf
243	0.000000e+00	inf
244	0.000000e+00	inf
245	0.000000e+00	inf
246	0.000000e+00	inf
247	0.000000e+00	inf
248	0.000000e+00	inf
249	0.000000e+00	inf
250	0.000000e+00	inf
251	0.000000e+00	inf
252	0.000000e+00	inf
253	0.000000e+00	inf
254	0.000000e+00	inf
255	0.000000e+00	inf
256	0.000000e+00	inf
257	0.000000e+00	inf
258	0.000000e+00	inf
259	0.000000e+00	inf
260	0.000000e+00	inf
261	0.000000e+00	inf
262	0.000000e+00	inf
263	0.000000e+00	inf
264	0.000000e+00	inf
265	0.000000e+00	inf
266	0.000000e+00	inf
267	0.000000e+00	inf
268	0.000000e+00	inf
269	0.000000e+00	inf
270	0.000000e+00	inf
271	0.000000e+00	inf
272	0.000000e+00	inf
273	0.000000e+00	inf
274	0.000000e+00	inf
275	0.000000e+00	inf
276	0.000000e+00	inf
277	0.000000e+00	inf
278	0.000000e+00	inf
279	0.000000e+00	inf
280	0.000000e+00	inf
281	0.000000e+00	inf
282	0.000000e+00	inf
283	0.000000e+00	inf
284	0.000000e+00	inf
285	0.000000e+00	inf
286	0.000000e+00	inf
287	0.000000e+00	inf
288	0.000000e+00	inf
289	0.000000e+00	inf
290	0.000000e+00	inf
291	0.000000e+00	inf
292	0.000000e+00	inf
293	0.000000e+00	inf
294	0.000000e+00	inf
295	0.000000e+00	inf
296	0.000000e+00	inf
297	0.000000e+00	inf
298	0.000000e+00	inf
299	0.000000e+00	inf
300	0.000000e+00	inf
301	0.000000e+00	inf
302	0.000000e+00	inf
303	0.000000e+00	inf
304	0.000000e+00	inf
305	0.000000e+00	inf
306	0.000000e+00	inf
307	0.000000e+00	inf
308	0.000000e+00	inf
309	0.000000e+00	inf
310	0.000000e+00	inf
311	0.000000e+00	inf
312	0.000000e+00	inf
313	0.000000e+00	inf
314	0.000000e+00	inf
315	0.000000e+00	inf
316	0.000000e+00	inf
317	0.000000e+00	inf
318	0.000000e+00	inf
319	0.000000e+00	inf
320	0.000000e+00	inf
321	0.000000e+00	inf
322	0.000000e+00	inf
323	0.000000e+00	inf
324	0.000000e+00	inf
325	0.000000e+00	inf
326	0.000000e+00	inf
327	0.000000e+00	inf
328	0.000000e+00	inf
329	0.000000e+00	inf
330	0.000000e+00	inf
331	0.000000e+00	inf
332	0.000000e+00	inf
333	0.000000e+00	inf
334	0.000000e+00	inf
335	0.000000e+00	inf
336	0.000000e+00	inf
337	0.000000e+00	inf
338	0.000000e+00	inf
339	0.000000e+00	inf
340	0.000000e+00	inf
341	0.000000e+00	inf
342	0.000000e+00	inf
343	0.000000e+00	inf
344	0.000000e+00	inf
345	0.000000e+00	inf
346	0.000000e+00	inf
347	0.000000e+00	inf
348	0.000000e+00	inf
349	0.000000e+00	inf
350	0.000000e+00	inf
351	0.000000e+00	inf
352	0.000000e+00	inf
353	0.000000e+00	inf
354	0.000000e+00	inf
355	0.000000e+00	inf
356	0.000000e+00	inf
357	0.000000e+00	inf
358	0.000000e+00	inf
359	0.000000e+00	inf
360	0.000000e+00	inf
361	0.000000e+00	inf
362	0.000000e+00	inf
363	0.000000e+00	inf
364	0.000000e+00	inf
365	0.000000e+00	inf
366	0.000000e+00	inf
367	0.000000e+00	inf
368	0.000000e+00	inf
369	0.000000e+00	inf
370	0.000000e+00	inf
371	0.000000e+00	inf
372	0.000000e+00	inf
373	0.000000e+00	inf
374	0.000000e+00	inf
375	0.000000e+00	inf
376	0.000000e+00	inf
377	0.000000e+00	inf
378	0.000000e+00	inf
379	0.000000e+00	inf
380	0.000000e+00	inf
381	0.000000e+00	inf
382	0.000000e+00	inf
383	0.000000e+00	inf
384	0.000000e+00	inf
385	0.000000e+00	inf
386	0.000000e+00	inf
387	0.000000e+00	inf
388	0.000000e+00	inf
389	0.000000e+00	inf
390	0.000000e+00	inf
391	0.000000e+00	inf
392	0.000000e+00	inf
393	0.000000e+00	inf
394	0.000000e+00	inf
395	0.000000e+00	inf
396	0.000000e+00	inf
397	0.000000e+00	inf
398	0.000000e+00	inf
399	0.000000e+00	inf
400	0.000000e+00	inf
401	0.000000e+00	inf
402	0.000000e+00	inf
403	0.000000e+00	inf
404	0.000000e+00	inf
405	0.000000e+00	inf
406	0.000000e+00	inf
407	0.000000e+00	inf
408	0.000000e+00	inf
409	0.000000e+00	inf
410	0.000000e+00	inf
411	0.000000e+00	inf
412	0.000000e+00	inf
413	0.000000e+00	inf
414	0.000000e+00	inf
415	0.000000e+00	inf
416	0.000000e+00	inf
417	0.000000e+00	inf
418	0.000000e+00	inf
419	0.000000e+00	inf
420	0.000000e+00	inf
421	0.000000e+00	inf
422	0.000000e+00	inf
423	0.000000e+00	inf
424	0.000000e+00	inf
425	0.000000e+00	inf
426	0.000000e+00	inf
427	0.000000e+00	inf
428	0.000000e+00	inf
429	0.000000e+00	inf
430	0.000000e+00	inf
431	0.000000e+00	inf
432	0.000000e+00	inf
433	0.000000e+00	inf
434	0.000000e+00	inf
435	0.000000e+00	inf
436	0.000000e+00	inf
437	0.000000e+00	inf
438	0.000000e+00	inf
439	0.000000e+00	inf
440	0.000000e+00	inf
441	0.000000e+00	inf
442	0.000000e+00	inf
443	0.000000e+00	inf
444	0.000000e+00	inf
445	0.000000e+00	inf
446	0.000000e+00	inf
447	0.000000e+00	inf
448	0.000000e+00	inf
449	0.000000e+00	inf
450	0.000000e+00	inf
451	0.000000e+00	inf
452	0.000000e+00	inf
453	0.000000e+00	inf
454	0.000000e+00	inf
455	0.000000e+00	inf
456	0.000000e+00	inf
457	0.000000e+00	inf
458	0.000000e+00	inf
459	0.000000e+00	inf
460	0.000000e+00	inf
461	0.000000e+00	inf
462	0.000000e+00	inf
463	0.000000e+00	inf
464	0.000000e+00	inf
465	0.000000e+00	inf
466	0.000000e+00	inf
467	0.000000e+00	inf
468	0.000000e+00	inf
469	0.000000e+00	inf
470	0.000000e+00	inf
471	0.000000e+00	inf
472	0.000000e+00	inf
473	0.000000e+00	inf
474	0.000000e+00	inf
475	0.000000e+00	inf
476	0.000000e+00	inf
477	0.000000e+00	inf
478	0.000000e+00	inf
479	0.000000e+00	inf
480	0.000000e+00	inf
481	0.000000e+00	inf
482	0.000000e+00	inf
483	0.000000e+00	inf
484	0.000000e+00	inf
485	0.000000e+00	inf
486	0.000000e+00	inf
487	0.000000e+00	inf
488	0.000000e+00	inf
489	0.000000e+00	inf
490	0.000000e+00	inf
491	0.000000e+00	inf
492	0.000000e+00	inf
493	0.000000e+00	inf
494	0.000000e+00	inf
495	0.000000e+00	inf
496	0.000000e+00	inf
497	0.000000e+00	inf
498	0.000000e+00	inf
499	0.000000e+00	inf
500	0.000000e+00	inf
501	0.000000e+00	inf
502	0.000000e+00	inf
503	0.000000e+00	inf
504	0.000000e+00	inf
505	0.000000e+00	inf
506	0.000000e+00	inf
507	0.000000e+00	inf
508	0.000000e+00	inf
509	0.000000e+00	inf
510	0.000000e+00	inf
511	0.000000e+00	inf
512	0.000000e+00	inf
513	0.000000e+00	inf
514	0.000000e+00	inf
515	0.000000e+00	inf
516	0.000000e+00	inf
517	0.000000e+00	inf
518	0.000000e+00	inf
519	0.000000e+00	inf
520	0.000000e+00	inf
521	0.000000e+00	inf
522	0.000000e+00	inf
523	0.000000e+00	inf
524	0.000000e+00	inf
525	0.000000e+00	inf
526	0.000000e+00	inf
527	0.000000e+00	inf
528	0.000000e+00	inf
529	0.000000e+00	inf
530	0.000000e+00	inf
531	0.000000e+00	inf
532	0.000000e+00	inf
533	0.000000e+00	inf
534	0.000000e+00	inf
535	0.000000e+00	inf
536	0.000000e+00	inf
537	0.000000e+00	inf
538	0.000000e+00	inf
539	0.000000e+00	inf
540	0.000000e+00	inf
541	0.000000e+00	inf
542	0.000000e+00	inf
543	0.000000e+00	inf
544	0.000000e+00	inf
545	0.000000e+00	inf
546	0.000000e+00	inf
547	0.000000e+00	inf
548	0.000000e+00	inf
549	0.000000e+00	inf
550	0.000000e+00	inf
551	0.000000e+00	inf
552	0.000000e+00	inf
553	0.000000e+00	inf
554	0.000000e+00	inf
555	0.000000e+00	inf
556	0.000000e+00	inf
557	0.000000e+00	inf
558	0.000000e+00	inf
559	0.000000e+00	inf
560	0.000000e+00	inf
561	0.000000e+00	inf
562	0.000000e+00	inf
563	0.000000e+00	inf
564	0.000000e+00	inf
565	0.000000e+00	inf
566	0.000000e+00	inf
567	0.000000e+00	inf
568	0.000000e+00	inf
569	0.000000e+00	inf
570	0.000000e+00	inf
571	0.000000e+00	inf
572	0.000000e+00	inf
573	0.000000e+00	inf
574	0.000000e+00	inf
575	0.000000e+00	inf
576	0.000000e+00	inf
577	0.000000e+00	inf
578	0.000000e+00	inf
579	0.000000e+00	inf
580	0.000000e+00	inf
581	0.000000e+00	inf
582	0.000000e+00	inf
583	0.000000e+00	inf
584	0.000000e+00	inf
585	0.000000e+00	inf
586	0.000000e+00	inf
587	0.000000e+00	inf
588	0.000000e+00	inf
589	0.000000e+00	inf
590	0.000000e+00	inf
591	0.000000e+00	inf
592	0.000000e+00	inf
593	0.000000e+00	inf
594	0.000000e+00	inf
595	0.000000e+00	inf
596	0.000000e+00	inf
597	0.000000e+00	inf
598	0.000000e+00	inf
599	0.000000e+00	inf
600	0.000000e+00	inf
601	0.000000e+00	inf
602	0.000000e+00	inf
603	0.000000e+00	inf
604	0.000000e+00	inf
605	0.000000e+00	inf
606	0.000000e+00	inf
607	0.000000e+00	inf
608	0.000000e+00	inf
609	0.000000e+00	inf
610	0.000000e+00	inf
611	0.000000e+00	inf
612	0.000000e+00	inf
613	0.000000e+00	inf
614	0.000000e+00	inf
615	0.000000e+00	inf
616	0.000000e+00	inf
617	0.000000e+00	inf
618	0.000000e+00	inf
619	0.000000e+00	inf
620	0.000000e+00	inf
621	0.000000e+00	inf
622	0.000000e+00	inf
623	0.000000e+00	inf
624	0.000000e+00	inf
625	0.000000e+00	inf
626	0.000000e+00	inf
627	0.000000e+00	inf
628	0.000000e+00	inf
629	0.000000e+00	inf
630	0.000000e+00	inf
631	0.000000e+00	inf
632	0.000000e+00	inf
633	0.000000e+00	inf
634	0.000000e+00	inf
635	0.000000e+00	inf
636	0.000000e+00	inf
637	0.000000e+00	inf
638	0.000000e+00	inf
639	0.000000e+00	inf
640	0.000000e+00	inf
641	0.000000e+00	inf
642	0.000000e+00	inf
643	0.000000e+00	inf
644	0.000000e+00	inf
645	0.000000e+00	inf
646	0.000000e+00	inf
647	0.000000e+00	inf
648	0.000000e+00	inf
649	0.000000e+00	inf
650	0.000000e+00	inf
651	0.000000e+00	inf
652	0.000000e+00	inf
653	0.000000e+00	inf
654	0.000000e+00	inf
655	0.000000e+00	inf
656	0.000000e+00	inf
657	0.000000e+00	inf
658	0.000000e+00	inf
659	0.000000e+00	inf
660	0.000000e+00	inf
661	0.000000e+00	inf
662	0.000000e+00	inf
663	0.000000e+00	inf
664	0.000000e+00	inf
665	0.000000e+00	inf
666	0.000000e+00	inf
667	0.000000e+00	inf
668	0.000000e+00	inf
669	0.000000e+00	inf
670	0.000000e+00	inf
671	0.000000e+00	inf
672	0.000000e+00	inf
673	0.000000e+00	inf
674	0.000000e+00	inf
675	0.000000e+00	inf
676	0.000000e+00	inf
677	0.000000e+00	inf
678	0.000000e+00	inf
679	0.000000e+00	inf
680	0.000000e+00	inf
681	0.000000e+00	inf
682	0.000000e+00	inf
683	0.000000e+00	inf
684	0.000000e+00	inf
685	0.000000e+00	inf
686	0.000000e+00	inf
687	0.000000e+00	inf
688	0.000000e+00	inf
689	0.000000e+00	inf
690	0.000000e+00	inf
691	0.000000e+00	inf
692	0.000000e+00	inf
693	0.000000e+00	inf
694	0.000000e+00	inf
695	0.000000e+00	inf
696	0.000000e+00	inf
697	0.000000e+00	inf
698	0.000000e+00	inf
699	0.000000e+00	inf
700	0.000000e+00	inf
701	0.000000e+00	inf
702	0.000000e+00	inf
703	0.000000e+00	inf
704	0.000000e+00	inf
705	0.000000e+00	inf
706	0.000000e+00	inf
707	0.000000e+00	inf
708	0.000000e+00	inf
709	0.000000e+00	inf
710	0.000000e+00	inf
711	0.000000e+00	inf
712	0.000000e+00	inf
713	0.000000e+00	inf
714	0.000000e+00	inf
715	0.000000e+00	inf
716	0.000000e+00	inf
717	0.000000e+00	inf
718	0.000000e+00	inf
719	0.000000e+00	inf
720	0.000000e+00	inf
721	0.000000e+00	inf
722	0.000000e+00	inf
723	0.000000e+00	inf
724	0.000000e+00	inf
725	0.000000e+00	inf
726	0.000000e+00	inf
727	0.000000e+00	inf
728	0.000000e+00	inf
729	0.000000e+00	inf
730	0.000000e+00	inf
731	0.000000e+00	inf
732	0.000000e+00	inf
733	0.000000e+00	inf
734	0.000000e+00	inf
735	0.000000e+00	inf
736	0.000000e+00	inf
737	0.000000e+00	inf
738	0.000000e+00	inf
739	0.000000e+00	inf
740	0.000000e+00	inf
741	0.000000e+00	inf
742	0.000000e+00	inf
743	0.000000e+00	inf
744	0.000000e+00	inf
745	0.000000e+00	inf
746	0.000000e+00	inf
747	0.000000e+00	inf
748	0.000000e+00	inf
749	0.000000e+00	inf
750	0.000000e+00	inf
751	0.000000e+00	inf
752	0.000000e+00	inf
753	0.000000e+00	inf
754	0.000000e+00	inf
755	0.000000e+00	inf
756	0.000000e+00	inf
757	0.000000e+00	inf
758	0.000000e+00	inf
759	0.000000e+00	inf
760	0.000000e+00	inf
761	0.000000e+00	inf
762	0.000000e+00	inf
763	0.000000e+00	inf
764	0.000000e+00	inf
765	0.000000e+00	inf
766	0.000000e+00	inf
767	0.000000e+00	inf
768	0.000000e+00	inf
769	0.000000e+00	inf
770	0.000000e+00	inf
771	0.000000e+00	inf
772	0.000000e+00	inf
773	0.000000e+00	inf
774	0.000000e+00	inf
775	0.000000e+00	inf
776	0.000000e+00	inf
777	0.000000e+00	inf
778	0.000000e+00	inf
779	0.000000e+00	inf
780	0.000000e+00	inf
781	0.000000e+00	inf
782	0.000000e+00	inf
783	0.000000e+00	inf
784	0.000000e+00	inf
785	0.000000e+00	inf
786	0.000000e+00	inf
787	0.000000e+00	inf
788	0.000000e+00	inf
789	0.000000e+00	inf
790	0.000000e+00	inf
791	0.000000e+00	inf
792	0.000000e+00	inf
793	0.000000e+00	inf
794	0.000000e+00	inf
795	0.000000e+00	inf
796	0.000000e+00	inf
797	0.000000e+00	inf
798	0.000000e+00	inf
799	0.000000e+00	inf
800	0.000000e+00	inf
801	0.000000e+00	inf
802	0.000000e+00	inf
803	0.000000e+00	inf
804	0.000000e+00	inf
805	0.000000e+00	inf
806	0.000000e+00	inf
807	0.000000e+00	inf
808	0.000000e+00	inf
809	0.000000e+00	inf
810	0.000000e+00	inf
811	0.000000e+00	inf
812	0.000000e+00	inf
813	0.000000e+00	inf
814	0.000000e+00	inf
815	0.000000e+00	inf
816	0.000000e+00	inf
817	0.000000e+00	inf
818	0.000000e+00	inf
819	0.000000e+00	inf
820	0.000000e+00	inf
821	0.000000e+00	inf
822	0.000000e+00	inf
823	0.000000e+00	inf
824	0.000000e+00	inf
825	0.000000e+00	inf
826	0.000000e+00	inf
827	0.000000e+00	inf
828	0.000000e+00	inf
829	0.000000e+00	inf
830	0.000000e+00	inf
831	0.000000e+00	inf
832	0.000000e+00	inf
833	0.000000e+00	inf
834	0.000000e+00	inf
835	0.000000e+00	inf
836	0.000000e+00	inf
837	0.000000e+00	inf
838	0.000000e+00	inf
839	0.000000e+00	inf
840	0.000000e+00	inf
841	0.000000e+00	inf
842	0.000000e+00	inf
843	0.000000e+00	inf
844	0.000000e+00	inf
845	0.000000e+00	inf
846	0.000000e+00	inf
847	0.000000e+00	inf
848	0.000000e+00	inf
849	0.000000e+00	inf
850	0.000000e+00	inf
851	0.000000e+00	inf
852	0.000000e+00	inf
853	0.000000e+00	inf
854	0.000000e+00	inf
855	0.000000e+00	inf
856	0.000000e+00	inf
857	0.000000e+00	inf
858	0.000000e+00	inf
859	0.000000e+00	inf
860	0.000000e+00	inf
861	0.000000e+00	inf
862	0.000000e+00	inf
863	0.000000e+00	inf
864	0.000000e+00	inf
865	0.000000e+00	inf
866	0.000000e+00	inf
867	0.000000e+00	inf
868	0.000000e+00	inf
869	0.000000e+00	inf
870	0.000000e+00	inf
871	0.000000e+00	inf
872	0.000000e+00	inf
873	0.000000e+00	inf
874	0.000000e+00	inf
875	0.000000e+00	inf
876	0.000000e+00	inf
877	0.000000e+00	inf
878	0.000000e+00	inf
879	0.000000e+00	inf
880	0.000000e+00	inf
881	0.000000e+00	inf
882	0.000000e+00	inf
883	0.000000e+00	inf
884	0.000000e+00	inf
885	0.000000e+00	inf
886	0.000000e+00	inf
887	0.000000e+00	inf
888	0.000000e+00	inf
889	0.000000e+00	inf
890	0.000000e+00	inf
891	0.000000e+00	inf
892	0.000000e+00	inf
893	0.000000e+00	inf
894	0.000000e+00	inf
895	0.000000e+00	inf
896	0.000000e+00	inf
897	0.000000e+00	inf
898	0.000000e+00	inf
899	0.000000e+00	inf
900	0.000000e+00	inf
901	0.000000e+00	inf
902	0.000000e+00	inf
903	0.000000e+00	inf
904	0.000000e+00	inf
905	0.000000e+00	inf
906	0.000000e+00	inf
907	0.000000e+00	inf
908	0.000000e+00	inf
909	0.000000e+00	inf
910	0.000000e+00	inf
911	0.000000e+00	inf
912	0.000000e+00	inf
913	0.000000e+00	inf
914	0.000000e+00	inf
915	0.000000e+00	inf
916	0.000000e+00	inf
917	0.000000e+00	inf
918	0.000000e+00	inf
919	0.000000e+00	inf
920	0.000000e+00	inf
921	0.000000e+00	inf
922	0.000000e+00	inf
923	0.000000e+00	inf
924	0.000000e+00	inf
925	0.000000e+00	inf
926	0.000000e+00	inf
927	0.000000e+00	inf
928	0.000000e+00	inf
929	0.000000e+00	inf
930	0.000000e+00	inf
931	0.000000e+00	inf
932	0.000000e+00	inf
933	0.000000e+00	inf
934	0.000000e+00	inf
935	0.000000e+00	inf
936	0.000000e+00	inf
937	0.000000e+00	inf
938	0.000000e+00	inf
939	0.000000e+00	inf
940	0.000000e+00	inf
941	0.000000e+00	inf
942	0.000000e+00	inf
943	0.000000e+00	inf
944	0.000000e+00	inf
945	0.000000e+00	inf
946	0.000000e+00	inf
947	0.000000e+00	inf
948	0.000000e+00	inf
949	0.000000e+00	inf
950	0.000000e+00	inf
951	0.000000e+00	inf
952	0.000000e+00	inf
953	0.000000e+00	inf
954	0.000000e+00	inf
955	0.000000e+00	inf
956	0.000000e+00	inf
957	0.000000e+00	inf
958	0.000000e+00	inf
959	0.000000e+00	inf
960	0.000000e+00	inf
961	0.000000e+00	inf
962	0.000000e+00	inf
963	0.000000e+00	inf
964	0.000000e+00	inf
965	0.000000e+00	inf
966	0.000000e+00	inf
967	0.000000e+00	inf
968	0.000000e+00	inf
969	0.000000e+00	inf
970	0.000000e+00	inf
971	0.000000e+00	inf
972	0.000000e+00	inf
973	0.000000e+00	inf
974	0.000000e+00	inf
975	0.000000e+00	inf
976	0.000000e+00	inf
977	0.000000e+00	inf
978	0.000000e+00	inf
979	0.000000e+00	inf
980	0.000000e+00	inf
981	0.000000e+00	inf
982	0.000000e+00	inf
983	0.000000e+00	inf
984	0.000000e+00	inf
985	0.000000e+00	inf
986	0.000000e+00	inf
987	0.000000e+00	inf
988	0.000000e+00	inf
989	0.000000e+00	inf
990	0.000000e+00	inf
991	0.000000e+00	inf
992	0.000000e+00	inf
993	0.000000e+00	inf
994	0.000000e+00	inf
995	0.000000e+00	inf
996	0.000000e+00	inf
997	0.000000e+00	inf
998	0.000000e+00	inf
999	0.000000e+00	inf
1000	0.000000e+00	inf
1001	0.000000e+00	inf
1002	0.000000e+00	inf
1003	0.000000e+00	inf
1004	0.000000e+00	inf
1005	0.000000e+00	inf
1006	0.000000e+00	inf
1007	0.000000e+00	inf
1008	0.000000e+00	inf
1009	0.000000e+00	inf
1010	0.000000e+00	inf
1011	0.000000e+00	inf
1012	0.000000e+00	inf
1013	0.000000e+00	inf
1014	0.000000e+00	inf
1015	0.000000e+00	inf
1016	0.000000e+00	inf
1017	0.000000e+00	inf
1018	0.000000e+00	inf
1019	0.000000e+00	inf
1020	0.000000e+00	inf
1021	0.000000e+00	inf
1022	0.000000e+00	inf
1023	0.000000e+00	inf
1024	0.000000e+00	inf
1025	0.000000e+00	inf
1026	0.000000e+00	inf
1027	0.000000e+00	inf
1028	0.000000e+00	inf
1029	0.000000e+00	inf
1030	0.000000e+00	inf
1031	0.000000e+00	inf
1032	0.000000e+00	inf
1033	0.000000e+00	inf
1034	0.000000e+00	inf
1035	0.000000e+00	inf
1036	0.000000e+00	inf
1037	0.000000e+00	inf
1038	0.000000e+00	inf
1039	0.000000e+00	inf
1040	0.000000e+00	inf
1041	0.000000e+00	inf
1042	0.000000e+00	inf
1043	0.000000e+00	inf
1044	0.000000e+00	inf
1045	0.000000e+00	inf
1046	0.000000e+00	inf
1047	0.000000e+00	inf
1048	0.000000e+00	inf
1049	0.000000e+00	inf
1050	0.000000e+00	inf
1051	0.000000e+00	inf
1052	0.000000e+00	inf
1053	0.000000e+00	inf
1054	0.000000e+00	inf
1055	0.000000e+00	inf
1056	0.000000e+00	inf
1057	0.000000e+00	inf
1058	0.000000e+00	inf
1059	0.000000e+00	inf
1060	0.000000e+00	inf
1061	0.000000e+00	inf
1062	0.000000e+00	inf
1063	0.000000e+00	inf
1064	0.000000e+00	inf
1065	0.000000e+00	inf
1066	0.000000e+00	inf
1067	0.000000e+00	inf
1068	0.000000e+00	inf
1069	0.000000e+00	inf
1070	0.000000e+00	inf
1071	0.000000e+00	inf
1072	0.000000e+00	inf
1073	0.000000e+00	inf
1074	0.000000e+00	inf
1075	0.000000e+00	inf
1076	0.000000e+00	inf
1077	0.000000e+00	inf
1078	0.000000e+00	inf
1079	0.000000e+00	inf
1080	0.000000e+00	inf
1081	0.000000e+00	inf
1082	0.000000e+00	inf
1083	0.000000e+00	inf
1084	0.000000e+00	inf
1085	0.000000e+00	inf
1086	0.000000e+00	inf
1087	0.000000e+00	inf
1088	0.000000e+00	inf
1089	0.000000e+00	inf
1090	0.000000e+00	inf
1091	0.000000e+00	inf
1092	0.000000e+00	inf
1093	0.000000e+00	inf
1094	0.000000e+00	inf
1095	0.000000e+00	inf
1096	0.000000e+00	inf
1097	0.000000e+00	inf
1098	0.000000e+00	inf
1099	0.000000e+00	inf
1100	0.000000e+00	inf
1101	0.000000e+00	inf
1102	0.000000e+00	inf
1103	0.000000e+00	inf
1104	0.000000e+00	inf
1105	0.000000e+00	inf
1106	0.000000e+00	inf
1107	0.000000e+00	inf
1108	0.000000e+00	inf
1109	0.000000e+00	inf
1110	0.000000e+00	inf
1111	0.000000e+00	inf
1112	0.000000e+00	inf
1113	0.000000e+00	inf
1114	0.000000e+00	inf
1115	0.000000e+00	inf
1116	0.000000e+00	inf
1117	0.000000e+00	inf
1118	0.000000e+00	inf
1119	0.000000e+00	inf
1120	0.000000e+00	inf
1121	0.000000e+00	inf
1122	0.000000e+00	inf
1123	0.000000e+00	inf
1124	0.000000e+00	inf
1125	0.000000e+00	inf
1126	0.000000e+00	inf
1127	0.000000e+00	inf
1128	0.000000e+00	inf
1129	0.000000e+00	inf
1130	0.000000e+00	inf
1131	0.000000e+00	inf
1132	0.000000e+00	inf
1133	0.000000e+00	inf
1134	0.000000e+00	inf
1135	0.000000e+00	inf
1136	0.000000e+00	inf
1137	0.000000e+00	inf
1138	0.000000e+00	inf
1139	0.000000e+00	inf
1140	0.000000e+00	inf
1141	0.000000e+00	inf
1142	0.000000e+00	inf
1143	0.000000e+00	inf
1144	0.000000e+00	inf
1145	0.000000e+00	inf
1146	0.000000e+00	inf
1147	0.000000e+00	inf
1148	0.000000e+00	inf
1149	0.000000e+00	inf
1150	0.000000e+00	inf
1151	0.000000e+00	inf
1152	0.000000e+00	inf
1153	0.000000e+00	inf
1154	0.000000e+00	inf
1155	0.000000e+00	inf
1156	0.000000e+00	inf
1157	0.000000e+00	inf
1158	0.000000e+00	inf
1159	0.000000e+00	inf
1160	0.000000e+00	inf
1161	0.000000e+00	inf
1162	0.000000e+00	inf
1163	0.000000e+00	inf
1164	0.000000e+00	inf
1165	0.000000e+00	inf
1166	0.000000e+00	inf
1167	0.000000e+00	inf
1168	0.000000e+00	inf
1169	0.000000e+00	inf
1170	0.000000e+00	inf
1171	0.000000e+00	inf
1172	0.000000e+00	inf
1173	0.000000e+00	inf
1174	0.000000e+00	inf
1175	0.000000e+00	inf
1176	0.000000e+00	inf
1177	0.000000e+00	inf
1178	0.000000e+00	inf
1179	0.000000e+00	inf
1180	0.000000e+00	inf
1181	0.000000e+00	inf
1182	0.000000e+00	inf
1183	0.000000e+00	inf
1184	0.000000e+00	inf
1185	0.000000e+00	inf
1186	0.000000e+00	inf
1187	0.000000e+00	inf
1188	0.000000e+00	inf
1189	0.000000e+00	inf
1190	0.000000e+00	inf
1191	0.000000e+00	inf
1192	0.000000e+00	inf
1193	0.000000e+00	inf
1194	0.000000e+00	inf
1195	0.000000e+00	inf
1196	0.000000e+00	inf
1197	0.000000e+00	inf
1198	0.000000e+00	inf
1199	0.000000e+00	inf
1200	0.000000e+00	inf
1201	0.000000e+00	inf
1202	0.000000e+00	inf
1203	0.000000e+00	inf
1204	0.000000e+00	inf
1205	0.000000e+00	inf
1206	0.000000e+00	inf
1207	0.000000e+00	inf
1208	0.000000e+00	inf
1209	0.000000e+00	inf
1210	0.000000e+00	inf
1211	0.000000e+00	inf
1212	0.000000e+00	inf
1213	0.000000e+00	inf
1214	0.000000e+00	inf
1215	0.000000e+00	inf
1216	0.000000e+00	inf
1217	0.000000e+00	inf
1218	0.000000e+00	inf
1219	0.000000e+00	inf
1220	0.000000e+00	inf
1221	0.000000e+00	inf
1222	0.000000e+00	inf
1223	0.000000e+00	inf
1224	0.000000e+00	inf
1225	0.000000e+00	inf
1226	0.000000e+00	inf
1227	0.000000e+00	inf
1228	0.000000e+00	inf
1229	0.000000e+00	inf
1230	0.000000e+00	inf
1231	0.000000e+00	inf
1232	0.000000e+00	inf
1233	0.000000e+00	inf
1234	0.000000e+00	inf
1235	0.000000e+00	inf
1236	0.000000e+00	inf
1237	0.000000e+00	inf
1238	0.000000e+00	inf
1239	0.000000e+00	inf
1240	0.000000e+00	inf
1241	0.000000e+00	inf
1242	0.000000e+00	inf
1243	0.000000e+00	inf
1244	0.000000e+00	inf
1245	0.000000e+00	inf
1246	0.000000e+00	inf
1247	0.000000e+00	inf
1248	0.000000e+00	inf
1249	0.000000e+00	inf
1250	0.000000e+00	inf
1251	0.000000e+00	inf
1252	0.000000e+00	inf
1253	0.000000e+00	inf
1254	0.000000e+00	inf
1255	0.000000e+00	inf
1256	0.000000e+00	inf
1257	0.000000e+00	inf
1258	0.000000e+00	inf
1259	0.000000e+00	inf
1260	0.000000e+00	inf
1261	0.000000e+00	inf
1262	0.000000e+00	inf
1263	0.000000e+00	inf
1264	0.000000e+00	inf
1265	0.000000e+00	inf
1266	0.000000e+00	inf
1267	0.000000e+00	inf
1268	0.000000e+00	inf
1269	0.000000e+00	inf
1270	0.000000e+00	inf
1271	0.000000e+00	inf
1272	0.000000e+00	inf
1273	0.000000e+00	inf
1274	0.000000e+00	inf
1275	0.000000e+00	inf
1276	0.000000e+00	inf
1277	0.000000e+00	inf
1278	0.000000e+00	inf
1279	0.000000e+00	inf
1280	0.000000e+00	inf
1281	0.000000e+00	inf
1282	0.000000e+00	inf
1283	0.000000e+00	inf
1284	0.000000e+00	inf
1285	0.000000e+00	inf
1286	0.000000e+00	inf
1287	0.000000e+00	inf
1288	0.000000e+00	inf
1289	0.000000e+00	inf
1290	0.000000e+00	inf
1291	0.000000e+00	inf
1292	0.000000e+00	inf
1293	0.000000e+00	inf
1294	0.000000e+00	inf
1295	0.000000e+00	inf
1296	0.000000e+00	inf
1297	0.000000e+00	inf
1298	0.000000e+00	inf
1299	0.000000e+00	inf
1300	0.000000e+00	inf
1301	0.000000e+00	inf
1302	0.000000e+00	inf
1303	0.000000e+00	inf
1304	0.000000e+00	inf
1305	0.000000e+00	inf
1306	0.000000e+00	inf
1307	0.000000e+00	inf
1308	0.000000e+00	inf
1309	0.000000e+00	inf
1310	0.000000e+00	inf
1311	0.000000e+00	inf
1312	0.000000e+00	inf
1313	0.000000e+00	inf
1314	0.000000e+00	inf
1315	0.000000e+00	inf
1316	0.000000e+00	inf
1317	0.000000e+00	inf
1318	0.000000e+00	inf
1319	0.000000e+00	inf
1320	0.000000e+00	inf
1321	0.000000e+00	inf
1322	0.000000e+00	inf
1323	0.000000e+00	inf
1324	0.000000e+00	inf
1325	0.000000e+00	inf
1326	0.000000e+00	inf
1327	0.000000e+00	inf
1328	0.000000e+00	inf
1329	0.000000e+00	inf
1330	0.000000e+00	inf
1331	0.000000e+00	inf
1332	0.000000e+00	inf
1333	0.000000e+00	inf
1334	0.000000e+00	inf
1335	0.000000e+00	inf
1336	0.000000e+00	inf
1337	0.000000e+00	inf
1338	0.000000e+00	inf
1339	0.000000e+00	inf
1340	0.000000e+00	inf
1341	0.000000e+00	inf
1342	0.000000e+00	inf
1343	0.000000e+00	inf
1344	0.000000e+00	inf
1345	0.000000e+00	inf
1346	0.000000e+00	inf
1347	0.000000e+00	inf
1348	0.000000e+00	inf
1349	0.000000e+00	inf
1350	0.000000e+00	inf
1351	0.000000e+00	inf
1352	0.000000e+00	inf
1353	0.000000e+00	inf
1354	0.000000e+00	inf
1355	0.000000e+00	inf
1356	0.000000e+00	inf
1357	0.000000e+00	inf
1358	0.000000e+00	inf
1359	0.000000e+00	inf
1360	0.000000e+00	inf
1361	0.000000e+00	inf
1362	0.000000e+00	inf
1363	0.000000e+00	inf
1364	0.000000e+00	inf
1365	0.000000e+00	inf
1366	0.000000e+00	inf
1367	0.000000e+00	inf
1368	0.000000e+00	inf
1369	0.000000e+00	inf
1370	0.000000e+00	inf
1371	0.000000e+00	inf
1372	0.000000e+00	inf
1373	0.000000e+00	inf
1374	0.000000e+00	inf
1375	0.000000e+00	inf
1376	0.000000e+00	inf
1377	0.000000e+00	inf
1378	0.000000e+00	inf
1379	0.000000e+00	inf
1380	0.000000e+00	inf
1381	0.000000e+00	inf
1382	0.000000e+00	inf
1383	0.000000e+00	inf
1384	0.000000e+00	inf
1385	0.000000e+00	inf
1386	0.000000e+00	inf
1387	0.000000e+00	inf
1388	0.000000e+00	inf
1389	0.000000e+00	inf
1390	0.000000e+00	inf
1391	0.000000e+00	inf
1392	0.000000e+00	inf
1393	0.000000e+00	inf
1394	0.000000e+00	inf
1395	0.000000e+00	inf
1396	0.000000e+00	inf
1397	0.000000e+00	inf
1398	0.000000e+00	inf
1399	0.000000e+00	inf
1400	0.000000e+00	inf
1401	0.000000e+00	inf
1402	0.000000e+00	inf
1403	0.000000e+00	inf
1404	0.000000e+00	inf
1405	0.000000e+00	inf
1406	0.000000e+00	inf
1407	0.000000e+00	inf
1408	0.000000e+00	inf
1409	0.000000e+00	inf
1410	0.000000e+00	inf
1411	0.000000e+00	inf
1412	0.000000e+00	inf
1413	0.000000e+00	inf
1414	0.000000e+00	inf
1415	0.000000e+00	inf
1416	0.000000e+00	inf
1417	0.000000e+00	inf
1418	0.000000e+00	inf
1419	0.000000e+00	inf
1420	0.000000e+00	inf
1421	0.000000e+00	inf
1422	0.000000e+00	inf
1423	0.000000e+00	inf
1424	0.000000e+00	inf
1425	0.000000e+00	inf
1426	0.000000e+00	inf
1427	0.000000e+00	inf
1428	0.000000e+00	inf
1429	0.000000e+00	inf
1430	0.000000e+00	inf
1431	0.000000e+00	inf
1432	0.000000e+00	inf
1433	0.000000e+00	inf
1434	0.000000e+00	inf
1435	0.000000e+00	inf
1436	0.000000e+00	inf
1437	0.000000e+00	inf
1438	0.000000e+00	inf
1439	0.000000e+00	inf
1440	0.000000e+00	inf
1441	0.000000e+00	inf
1442	0.000000e+00	inf
1443	0.000000e+00	inf
1444	0.000000e+00	inf
1445	0.000000e+00	inf
1446	0.000000e+00	inf
1447	0.000000e+00	inf
1448	0.000000e+00	inf
1449	0.000000e+00	inf
1450	0.000000e+00	inf
1451	0.000000e+00	inf
1452	0.000000e+00	inf
1453	0.000000e+00	inf
1454	0.000000e+00	inf
1455	0.000000e+00	inf
1456	0.000000e+00	inf
1457	0.000000e+00	inf
1458	0.000000e+00	inf
1459	0.000000e+00	inf
1460	0.000000e+00	inf
1461	0.000000e+00	inf
1462	0.000000e+00	inf
1463	0.000000e+00	inf
1464	0.000000e+00	inf
1465	0.000000e+00	inf
1466	0.000000e+00	inf
1467	0.000000e+00	inf
1468	0.000000e+00	inf
1469	0.000000e+00	inf
1470	0.000000e+00	inf
1471	0.000000e+00	inf
1472	0.000000e+00	inf
1473	0.000000e+00	inf
1474	0.000000e+00	inf
1475	0.000000e+00	inf
1476	0.000000e+00	inf
1477	0.000000e+00	inf
1478	0.000000e+00	inf
1479	0.000000e+00	inf
1480	0.000000e+00	inf
1481	0.000000e+00	inf
1482	0.000000e+00	inf
1483	0.000000e+00	inf
1484	0.000000e+00	inf
1485	0.000000e+00	inf
1486	0.000000e+00	inf
1487	0.000000e+00	inf
1488	0.000000e+00	inf
1489	0.000000e+00	inf
1490	0.000000e+00	inf
1491	0.000000e+00	inf
1492	0.000000e+00	inf
1493	0.000000e+00	inf
1494	0.000000e+00	inf
1495	0.000000e+00	inf
1496	0.000000e+00	inf
1497	0.000000e+00	inf
1498	0.000000e+00	inf
1499	0.000000e+00	inf
1500	0.000000e+00	inf
1501	0.000000e+00	inf
1502	0.000000e+00	inf
1503	0.000000e+00	inf
1504	0.000000e+00	inf
1505	0.000000e+00	inf
1506	0.000000e+00	inf
1507	0.000000e+00	inf
1508	0.000000e+00	inf
1509	0.000000e+00	inf
1510	0.000000e+00	inf
1511	0.000000e+00	inf
1512	0.000000e+00	inf
1513	0.000000e+00	inf
1514	0.000000e+00	inf
1515	0.000000e+00	inf
1516	0.000000e+00	inf
1517	0.000000e+00	inf
1518	0.000000e+00	inf
1519	0.000000e+00	inf
1520	0.000000e+00	inf
1521	0.000000e+00	inf
1522	0.000000e+00	inf
1523	0.000000e+00	inf
1524	0.000000e+00	inf
1525	0.000000e+00	inf
1526	0.000000e+00	inf
1527	0.000000e+00	inf
1528	0.000000e+00	inf
1529	0.000000e+00	inf
1530	0.000000e+00	inf
1531	0.000000e+00	inf
1532	0.000000e+00	inf
1533	0.000000e+00	inf
1534	0.000000e+00	inf
1535	0.000000e+00	inf
1536	0.000000e+00	inf
1537	0.000000e+00	inf
1538	0.000000e+00	inf
1539	0.000000e+00	inf
1540	0.000000e+00	inf
1541	0.000000e+00	inf
1542	0.000000e+00	inf
1543	0.000000e+00	inf
1544	0.000000e+00	inf
1545	0.000000e+00	inf
1546	0.000000e+00	inf
1547	0.000000e+00	inf
1548	0.000000e+00	inf
1549	0.000000e+00	inf
1550	0.000000e+00	inf
1551	0.000000e+00	inf
1552	0.000000e+00	inf
1553	0.000000e+00	inf
1554	0.000000e+00	inf
1555	0.000000e+00	inf
1556	0.000000e+00	inf
1557	0.000000e+00	inf
1558	0.000000e+00	inf
1559	0.000000e+00	inf
1560	0.000000e+00	inf
1561	0.000000e+00	inf
1562	0.000000e+00	inf
1563	0.000000e+00	inf
1564	0.000000e+00	inf
1565	0.000000e+00	inf
1566	0.000000e+00	inf
1567	0.000000e+00	inf
1568	0.000000e+00	inf
1569	0.000000e+00	inf
1570	0.000000e+00	inf
1571	0.000000e+00	inf
1572	0.000000e+00	inf
1573	0.000000e+00	inf
1574	0.000000e+00	inf
1575	0.000000e+00	inf
1576	0.000000e+00	inf
1577	0.000000e+00	inf
1578	0.000000e+00	inf
1579	0.000000e+00	inf
1580	0.000000e+00	inf
1581	0.000000e+00	inf
1582	0.000000e+00	inf
1583	0.000000e+00	inf
1584	0.000000e+00	inf
1585	0.000000e+00	inf
1586	0.000000e+00	inf
1587	0.000000e+00	inf
1588	0.000000e+00	inf
1589	0.000000e+00	inf
1590	0.000000e+00	inf
1591	0.000000e+00	inf
1592	0.000000e+00	inf
1593	0.000000e+00	inf
1594	0.000000e+00	inf
1595	0.000000e+00	inf
1596	0.000000e+00	inf
1597	0.000000e+00	inf
1598	0.000000e+00	inf
1599	0.000000e+00	inf
1600	0.000000e+00	inf
1601	0.000000e+00	inf
1602	0.000000e+00	inf
1603	0.000000e+00	inf
1604	0.000000e+00	inf
1605	0.000000e+00	inf
1606	0.000000e+00	inf
1607	0.000000e+00	inf
1608	0.000000e+00	inf
1609	0.000000e+00	inf
1610	0.000000e+00	inf
1611	0.000000e+00	inf
1612	0.000000e+00	inf
1613	0.000000e+00	inf
1614	0.000000e+00	inf
1615	0.000000e+00	inf
1616	0.000000e+00	inf
1617	0.000000e+00	inf
1618	0.000000e+00	inf
1619	0.000000e+00	inf
1620	0.000000e+00	inf
1621	0.000000e+00	inf
1622	0.000000e+00	inf
1623	0.000000e+00	inf
1624	0.000000e+00	inf
1625	0.000000e+00	inf
1626	0.000000e+00	inf
1627	0.000000e+00	inf
1628	0.000000e+00	inf
1629	0.000000e+00	inf
1630	0.000000e+00	inf
1631	0.000000e+00	inf
1632	0.000000e+00	inf
1633	0.000000e+00	inf
1634	0.000000e+00	inf
1635	0.000000e+00	inf
1636	0.000000e+00	inf
1637	0.000000e+00	inf
1638	0.000000e+00	inf
1639	0.000000e+00	inf
1640	0.000000e+00	inf
1641	0.000000e+00	inf
1642	0.000000e+00	inf
1643	0.000000e+00	inf
1644	0.000000e+00	inf
1645	0.000000e+00	inf
1646	0.000000e+00	inf
1647	0.000000e+00	inf
1648	0.000000e+00	inf
1649	0.000000e+00	inf
1650	0.000000e+00	inf
1651	0.000000e+00	inf
1652	0.000000e+00	inf
1653	0.000000e+00	inf
1654	0.000000e+00	inf
1655	0.000000e+00	inf
1656	0.000000e+00	inf
1657	0.000000e+00	inf
1658	0.000000e+00	inf
1659	0.000000e+00	inf
1660	0.000000e+00	inf
1661	0.000000e+00	inf
1662	0.000000e+00	inf
1663	0.000000e+00	inf
1664	0.000000e+00	inf
1665	0.000000e+00	inf
1666	0.000000e+00	inf
1667	0.000000e+00	inf
1668	0.000000e+00	inf
1669	0.000000e+00	inf
1670	0.000000e+00	inf
1671	0.000000e+00	inf
1672	0.000000e+00	inf
1673	0.000000e+00	inf
1674	0.000000e+00	inf
1675	0.000000e+00	inf
1676	0.000000e+00	inf
1677	0.000000e+00	inf
1678	0.000000e+00	inf
1679	0.000000e+00	inf
1680	0.000000e+00	inf
1681	0.000000e+00	inf
1682	0.000000e+00	inf
1683	0.000000e+00	inf
1684	0.000000e+00	inf
1685	0.000000e+00	inf
1686	0.000000e+00	inf
1687	0.000000e+00	inf
1688	0.000000e+00	inf
1689	0.000000e+00	inf
1690	0.000000e+00	inf
1691	0.000000e+00	inf
1692	0.000000e+00	inf
1693	0.000000e+00	inf
1694	0.000000e+00	inf
1695	0.000000e+00	inf
1696	0.000000e+00	inf
1697	0.000000e+00	inf
1698	0.000000e+00	inf
1699	0.000000e+00	inf
1700	0.000000e+00	inf
1701	0.000000e+00	inf
1702	0.000000e+00	inf
1703	0.000000e+00	inf
1704	0.000000e+00	inf
1705	0.000000e+00	inf
1706	0.000000e+00	inf
1707	0.000000e+00	inf
1708	0.000000e+00	inf
1709	0.000000e+00	inf
1710	0.000000e+00	inf
1711	0.000000e+00	inf
1712	0.000000e+00	inf
1713	0.000000e+00	inf
1714	0.000000e+00	inf
1715	0.000000e+00	inf
1716	0.000000e+00	inf
1717	0.000000e+00	inf
1718	0.000000e+00	inf
1719	0.000000e+00	inf
1720	0.000000e+00	inf
1721	0.000000e+00	inf
1722	0.000000e+00	inf
1723	0.000000e+00	inf
1724	0.000000e+00	inf
1725	0.000000e+00	inf
1726	0.000000e+00	inf
1727	0.000000e+00	inf
1728	0.000000e+00	inf
1729	0.000000e+00	inf
1730	0.000000e+00	inf
1731	0.000000e+00	inf
1732	0.000000e+00	inf
1733	0.000000e+00	inf
1734	0.000000e+00	inf
1735	0.000000e+00	inf
1736	0.000000e+00	inf
1737	1.351102e-25	5.726371e+01
1738	1.474654e-25	5.717620e+01
1739	9.199855e-25	5.534544e+01
1740	0.000000e+00	inf
1741	0.000000e+00	inf
1742	3.009136e-25	5.646297e+01
1743	1.013822e-24	5.524831e+01
1744	3.304306e-24	5.406682e+01
1745	5.044489e-24	5.364375e+01
1746	1.022081e-23	5.293762e+01
1747	1.077108e-23	5.288518e+01
1748	2.459309e-23	5.205958e+01
1749	3.299751e-23	5.176561e+01
1750	4.001563e-23	5.157277e+01
1751	7.416860e-23	5.095570e+01
1752	1.104926e-22	5.055709e+01
1753	1.741607e-22	5.010206e+01
1754	2.741262e-22	4.964845e+01
1755	3.515821e-22	4.939960e+01
1756	6.388163e-22	4.880243e+01
1757	7.477143e-22	4.864502e+01
1758	1.397308e-21	4.801974e+01
1759	1.971051e-21	4.767572e+01
1760	3.040421e-21	4.724229e+01
1761	4.121841e-21	4.693799e+01
1762	6.183498e-21	4.653240e+01
1763	9.962245e-21	4.605548e+01
1764	1.376698e-20	4.573201e+01
1765	1.990514e-20	4.536331e+01
1766	3.071302e-20	4.492960e+01
1767	4.913906e-20	4.445963e+01
1768	7.150805e-20	4.408448e+01
1769	9.976060e-20	4.375151e+01
1770	1.480566e-19	4.335669e+01
1771	2.338723e-19	4.289951e+01
1772	3.113947e-19	4.261323e+01
1773	4.855334e-19	4.216904e+01
1774	6.495795e-19	4.187796e+01
1775	1.013070e-18	4.143355e+01
1776	1.462568e-18	4.106634e+01
1777	2.166062e-18	4.067362e+01
1778	3.138283e-18	4.030286e+01
1779	4.327024e-18	3.998165e+01
1780	6.259532e-18	3.961243e+01
1781	8.824111e-18	3.926904e+01
1782	1.238553e-17	3.893000e+01
1783	1.696002e-17	3.861567e+01
1784	2.492017e-17	3.823085e+01
1785	3.705509e-17	3.783413e+01
1786	5.284971e-17	3.747908e+01
1787	6.927770e-17	3.720841e+01
1788	9.886536e-17	3.685277e+01
1789	1.449467e-16	3.647017e+01
1790	2.001078e-16	3.614768e+01
1791	2.785644e-16	3.581688e+01
1792	3.889970e-16	3.548296e+01
1793	5.615814e-16	3.511578e+01
1794	7.460748e-16	3.483171e+01
1795	1.102387e-15	3.444130e+01
1796	1.511232e-15	3.412585e+01
1797	2.038619e-15	3.382650e+01
1798	2.738244e-15	3.353146e+01
1799	3.781221e-15	3.320873e+01
1800	5.228303e-15	3.288469e+01
1801	7.060017e-15	3.258433e+01
1802	1.018757e-14	3.221761e+01
1803	1.284634e-14	3.198572e+01
1804	1.804704e-14	3.164579e+01
1805	2.479901e-14	3.132797e+01
1806	3.352725e-14	3.102642e+01
1807	4.567522e-14	3.071722e+01
1808	6.596063e-14	3.034972e+01
1809	8.849339e-14	3.005585e+01
1810	1.293455e-13	2.967629e+01
1811	1.857545e-13	2.931435e+01
1812	2.575286e-13	2.898765e+01
1813	3.732108e-13	2.861663e+01
1814	5.329153e-13	2.826041e+01
1815	7.954900e-13	2.785982e+01
1816	1.098997e-12	2.753662e+01
1817	1.614568e-12	2.715195e+01
1818	2.373354e-12	2.676672e+01
1819	3.425254e-12	2.639985e+01
1820	5.036610e-12	2.601429e+01
1821	6.702127e-12	2.572860e+01
1822	9.301357e-12	2.540086e+01
1823	1.398598e-11	2.499297e+01
1824	1.980820e-11	2.464493e+01
1825	2.885268e-11	2.426882e+01
1826	4.119786e-11	2.391263e+01
1827	5.644130e-11	2.359782e+01
1828	8.407410e-11	2.319932e+01
1829	1.163635e-10	2.287430e+01
1830	1.629191e-10	2.253777e+01
1831	2.342904e-10	2.217446e+01
1832	3.167829e-10	2.187280e+01
1833	4.571704e-10	2.150596e+01
1834	6.235741e-10	2.119555e+01
1835	8.773998e-10	2.085406e+01
1836	1.198227e-09	2.054242e+01
1837	1.700391e-09	2.019241e+01
1838	2.356995e-09	1.986588e+01
1839	3.213777e-09	1.955582e+01
1840	4.287923e-09	1.926746e+01
1841	5.749838e-09	1.897409e+01
1842	7.992795e-09	1.864473e+01
1843	1.054881e-08	1.836725e+01
1844	1.404430e-08	1.808105e+01
1845	1.795226e-08	1.783555e+01
1846	2.367625e-08	1.755879e+01
1847	3.109417e-08	1.728625e+01
1848	3.988458e-08	1.703728e+01
1849	5.101320e-08	1.679118e+01
1850	6.270459e-08	1.658483e+01
1851	7.914724e-08	1.635196e+01
1852	1.012725e-07	1.610545e+01
1853	1.288092e-07	1.586493e+01
1854	1.596552e-07	1.565025e+01
1855	1.996164e-07	1.542687e+01
1856	2.467851e-07	1.521475e+01
1857	2.998839e-07	1.501987e+01
1858	3.719461e-07	1.480452e+01
1859	4.713966e-07	1.456757e+01
1860	5.509318e-07	1.441165e+01
1861	6.708875e-07	1.421466e+01
1862	8.601476e-07	1.396616e+01
1863	1.008899e-06	1.380665e+01
1864	1.292411e-06	1.355900e+01
1865	1.563274e-06	1.336873e+01
1866	1.878117e-06	1.318524e+01
1867	2.235490e-06	1.301105e+01
1868	2.709293e-06	1.281882e+01
1869	3.522664e-06	1.255629e+01
1870	3.956343e-06	1.244019e+01
1871	4.989059e-06	1.220826e+01
1872	6.107030e-06	1.200607e+01
1873	6.887731e-06	1.188577e+01
1874	8.548775e-06	1.166972e+01
1875	1.022246e-05	1.149092e+01
1876	1.212961e-05	1.131986e+01
1877	1.446931e-05	1.114348e+01
1878	1.769756e-05	1.094208e+01
1879	1.998563e-05	1.082050e+01
1880	2.377778e-05	1.064676e+01
1881	2.862426e-05	1.046126e+01
1882	3.521708e-05	1.025398e+01
1883	3.908682e-05	1.014973e+01
1884	4.579621e-05	9.991309e+00
1885	5.494924e-05	9.809101e+00
1886	6.366856e-05	9.661820e+00
1887	7.386559e-05	9.513264e+00
1888	8.329043e-05	9.393177e+00
1889	1.013868e-04	9.196567e+00
1890	1.154132e-04	9.066992e+00
1891	1.337029e-04	8.919890e+00
1892	1.486043e-04	8.814224e+00
1893	1.821382e-04	8.610745e+00
1894	2.038856e-04	8.497951e+00
1895	2.327214e-04	8.365668e+00
1896	2.605990e-04	8.252528e+00
1897	3.028713e-04	8.102203e+00
1898	3.355659e-04	7.999692e+00
1899	3.998119e-04	7.824516e+00
1900	4.507329e-04	7.704636e+00
1901	5.110534e-04	7.579036e+00
1902	5.575045e-04	7.492040e+00
1903	6.651741e-04	7.315462e+00
1904	7.567290e-04	7.186505e+00
1905	8.451206e-04	7.076031e+00
1906	9.555673e-04	6.953205e+00
1907	1.060637e-03	6.848886e+00
1908	1.247550e-03	6.686574e+00
1909	1.371139e-03	6.592114e+00
1910	1.548431e-03	6.470513e+00
1911	1.711743e-03	6.370243e+00
1912	1.963648e-03	6.232951e+00
1913	2.212251e-03	6.113745e+00
1914	2.396017e-03	6.033948e+00
1915	2.581160e-03	5.959516e+00
1916	2.954802e-03	5.824323e+00
1917	3.191796e-03	5.747172e+00
1918	3.523800e-03	5.648215e+00
1919	3.834353e-03	5.563755e+00
1920	4.168822e-03	5.480122e+00
1921	4.307253e-03	5.447455e+00
1922	4.794492e-03	5.340287e+00
1923	5.219586e-03	5.255337e+00
1924	5.527487e-03	5.198022e+00
1925	5.822254e-03	5.146068e+00
1926	5.870829e-03	5.137760e+00
1927	6.187019e-03	5.085302e+00
1928	6.599329e-03	5.020787e+00
1929	6.450430e-03	5.043608e+00
1930	6.575211e-03	5.024449e+00
1931	6.641793e-03	5.014373e+00
1932	6.604064e-03	5.020070e+00
1933	6.531092e-03	5.031181e+00
1934	6.406246e-03	5.050482e+00
1935	2.748720e-01	1.291450e+00
1936	6.044786e-03	5.108559e+00
1937	5.632351e-03	5.179228e+00
1938	5.511257e-03	5.200963e+00
1939	5.272603e-03	5.245231e+00
1940	5.102398e-03	5.278045e+00
1941	5.115402e-03	5.275499e+00
1942	4.818862e-03	5.335218e+00
1943	4.738994e-03	5.351930e+00
1944	4.629732e-03	5.375256e+00
1945	4.720883e-03	5.355759e+00
1946	4.765161e-03	5.346424e+00
1947	4.841553e-03	5.330520e+00
1948	5.075883e-03	5.283255e+00
1949	5.217112e-03	5.255811e+00
1950	5.416391e-03	5.218325e+00
1951	5.706145e-03	5.166212e+00
1952	6.402212e-03	5.051112e+00
1953	6.415574e-03	5.049027e+00
1954	7.125975e-03	4.944009e+00
1955	7.438038e-03	4.901148e+00
1956	7.897035e-03	4.841268e+00
1957	8.062554e-03	4.820525e+00
1958	9.031073e-03	4.707084e+00
1959	9.398950e-03	4.667157e+00
1960	9.690775e-03	4.636581e+00
1961	1.102848e-02	4.507274e+00
1962	1.067706e-02	4.539658e+00
1963	1.149930e-02	4.465469e+00
1964	1.204667e-02	4.418967e+00
1965	1.220647e-02	4.405789e+00
1966	1.195562e-02	4.426554e+00
1967	1.282968e-02	4.355994e+00
1968	1.220219e-02	4.406140e+00
1969	1.247418e-02	4.384094e+00
1970	1.222109e-02	4.404592e+00
1971	1.190680e-02	4.430646e+00
1972	1.218225e-02	4.407775e+00
1973	1.157035e-02	4.459310e+00
1974	1.133933e-02	4.479478e+00
1975	1.111148e-02	4.499776e+00
1976	1.069206e-02	4.538254e+00
1977	9.919368e-03	4.613266e+00
1978	9.825346e-03	4.622790e+00
1979	9.410527e-03	4.665926e+00
1980	8.448576e-03	4.773757e+00
1981	8.242100e-03	4.798500e+00
1982	8.127955e-03	4.812446e+00
1983	7.943028e-03	4.835461e+00
1984	7.144969e-03	4.941347e+00
1985	7.041779e-03	4.955894e+00
1986	7.078173e-03	4.950740e+00
1987	6.699349e-03	5.005745e+00
1988	6.313181e-03	5.065116e+00
1989	6.199513e-03	5.083285e+00
1990	5.984900e-03	5.118516e+00
1991	5.886062e-03	5.135168e+00
1992	5.612061e-03	5.182837e+00
1993	5.645086e-03	5.176970e+00
1994	5.317120e-03	5.236824e+00
1995	5.275020e-03	5.244773e+00
1996	5.232575e-03	5.252852e+00
1997	5.062199e-03	5.285954e+00
1998	4.849984e-03	5.328780e+00
1999	4.681756e-03	5.364082e+00
2000	4.493315e-03	5.405165e+00
2001	4.244703e-03	5.462083e+00
2002	4.343696e-03	5.439030e+00
2003	3.895640e-03	5.547897e+00
2004	3.858696e-03	5.557426e+00
2005	3.806510e-03	5.571043e+00
2006	3.443513e-03	5.671263e+00
2007	3.465826e-03	5.664804e+00
2008	3.194352e-03	5.746371e+00
2009	3.070801e-03	5.785817e+00
2010	2.792970e-03	5.880650e+00
2011	2.668483e-03	5.926245e+00
2012	2.366601e-03	6.046301e+00
2013	2.373139e-03	6.043542e+00
2014	2.092663e-03	6.169318e+00
2015	2.068546e-03	6.180909e+00
2016	1.894995e-03	6.268539e+00
2017	1.925875e-03	6.252375e+00
2018	1.851642e-03	6.291683e+00
2019	1.649070e-03	6.407544e+00
2020	1.507757e-03	6.497132e+00
2021	1.468190e-03	6.523725e+00
2022	1.430578e-03	6.549676e+00
2023	1.416401e-03	6.559636e+00
2024	1.379213e-03	6.586242e+00
2025	1.352039e-03	6.606141e+00
2026	1.383332e-03	6.583260e+00
2027	1.337690e-03	6.616811e+00
2028	1.262599e-03	6.674583e+00
2029	1.240982e-03	6.691852e+00
2030	1.246039e-03	6.687786e+00
2031	1.122513e-03	6.792186e+00
2032	1.158741e-03	6.760421e+00
2033	1.136476e-03	6.779823e+00
2034	1.119083e-03	6.795246e+00
2035	1.088066e-03	6.823354e+00
2036	1.068270e-03	6.841715e+00
2037	1.035665e-03	6.872711e+00
2038	9.884412e-04	6.919381e+00
2039	9.538193e-04	6.955036e+00
2040	9.390535e-04	6.970638e+00
2041	9.373481e-04	6.972456e+00
2042	8.914823e-04	7.022625e+00
2043	8.591568e-04	7.059559e+00
2044	8.089131e-04	7.119819e+00
2045	8.065831e-04	7.122704e+00
2046	8.222618e-04	7.103452e+00
2047	7.544175e-04	7.189565e+00
2048	7.291522e-04	7.223628e+00
2049	7.050565e-04	7.257233e+00
2050	6.704538e-04	7.307556e+00
2051	6.319174e-04	7.366752e+00
2052	5.982457e-04	7.421509e+00
2053	5.756172e-04	7.460068e+00
2054	5.584084e-04	7.490420e+00
2055	5.116703e-04	7.577830e+00
2056	4.950162e-04	7.610920e+00
2057	4.605362e-04	7.683119e+00
2058	4.341557e-04	7.742107e+00
2059	4.059904e-04	7.809181e+00
2060	3.800966e-04	7.875085e+00
2061	3.549145e-04	7.943634e+00
2062	3.258294e-04	8.029137e+00
2063	3.028141e-04	8.102391e+00
2064	2.723149e-04	8.208551e+00
2065	2.528738e-04	8.282620e+00
2066	2.277364e-04	8.387322e+00
2067	2.078796e-04	8.478552e+00
2068	1.941629e-04	8.546813e+00
2069	1.788301e-04	8.629074e+00
2070	1.643587e-04	8.713459e+00
2071	1.478657e-04	8.819206e+00
2072	1.381443e-04	8.887212e+00
2073	1.206558e-04	9.022569e+00
2074	1.090887e-04	9.123349e+00
2075	1.002875e-04	9.207469e+00
2076	9.269898e-05	9.286153e+00
2077	8.094497e-05	9.421741e+00
2078	7.310052e-05	9.523675e+00
2079	6.460812e-05	9.647170e+00
2080	5.754793e-05	9.762892e+00
2081	5.388529e-05	9.828653e+00
2082	4.803986e-05	9.943480e+00
2083	4.415262e-05	1.002786e+01
2084	4.120339e-05	1.009699e+01
2085	3.583153e-05	1.023668e+01
2086	3.228231e-05	1.034099e+01
2087	2.759819e-05	1.049776e+01
2088	2.510643e-05	1.059239e+01
2089	2.339716e-05	1.066290e+01
2090	1.994600e-05	1.082248e+01
2091	1.764556e-05	1.094503e+01
2092	1.665434e-05	1.100284e+01
2093	1.415000e-05	1.116580e+01
2094	1.240894e-05	1.129709e+01
2095	1.075558e-05	1.144009e+01
2096	9.603112e-06	1.155342e+01
2097	8.403062e-06	1.168691e+01
2098	7.071150e-06	1.185949e+01
2099	6.354524e-06	1.196634e+01
2100	6.037921e-06	1.201745e+01
2101	4.916016e-06	1.222301e+01
2102	4.051566e-06	1.241641e+01
2103	3.769268e-06	1.248863e+01
2104	3.429712e-06	1.258303e+01
2105	2.859990e-06	1.276469e+01
2106	2.394576e-06	1.294230e+01
2107	2.235742e-06	1.301094e+01
2108	1.911477e-06	1.316763e+01
2109	1.671534e-06	1.330177e+01
2110	1.432475e-06	1.345611e+01
2111	1.286997e-06	1.356320e+01
2112	1.099077e-06	1.372104e+01
2113	9.590913e-07	1.385728e+01
2114	8.422849e-07	1.398715e+01
2115	7.617624e-07	1.408763e+01
2116	6.563029e-07	1.423664e+01
2117	5.895647e-07	1.434388e+01
2118	5.084013e-07	1.449199e+01
2119	4.869316e-07	1.453514e+01
2120	3.852096e-07	1.476948e+01
2121	3.474975e-07	1.487251e+01
2122	3.194026e-07	1.495681e+01
2123	2.813243e-07	1.508376e+01
2124	2.458064e-07	1.521872e+01
2125	2.264060e-07	1.530094e+01
2126	1.996505e-07	1.542670e+01
2127	1.801970e-07	1.552921e+01
2128	1.650372e-07	1.561710e+01
2129	1.365724e-07	1.580641e+01
2130	1.197562e-07	1.593781e+01
2131	1.063609e-07	1.605643e+01
2132	9.235835e-08	1.619759e+01
2133	8.313088e-08	1.630285e+01
2134	7.370929e-08	1.642314e+01
2135	6.676247e-08	1.652212e+01
2136	6.073039e-08	1.661682e+01
2137	5.497069e-08	1.671647e+01
2138	4.578594e-08	1.689929e+01
2139	3.889582e-08	1.706238e+01
2140	3.359634e-08	1.720885e+01
2141	2.988938e-08	1.732576e+01
2142	2.566999e-08	1.747794e+01
2143	2.213236e-08	1.762623e+01
2144	1.873462e-08	1.779289e+01
2145	1.614328e-08	1.794176e+01
2146	1.384093e-08	1.809564e+01
2147	1.212205e-08	1.822824e+01
2148	1.019444e-08	1.840142e+01
2149	8.824373e-09	1.854575e+01
2150	7.458454e-09	1.871392e+01
2151	6.237916e-09	1.889262e+01
2152	5.469337e-09	1.902411e+01
2153	4.480420e-09	1.922355e+01
2154	3.958758e-09	1.934734e+01
2155	3.296382e-09	1.953044e+01
2156	2.794059e-09	1.969577e+01
2157	2.478535e-09	1.981560e+01
2158	2.014642e-09	2.002282e+01
2159	1.766634e-09	2.015419e+01
2160	1.481103e-09	2.033048e+01
2161	1.284668e-09	2.047277e+01
2162	1.132432e-09	2.059890e+01
2163	9.613088e-10	2.076273e+01
2164	8.028496e-10	2.094285e+01
2165	7.309335e-10	2.103670e+01
2166	6.192833e-10	2.120246e+01
2167	5.192257e-10	2.137868e+01
2168	4.457240e-10	2.153132e+01
2169	4.081951e-10	2.161928e+01
2170	3.431028e-10	2.179299e+01
2171	2.888794e-10	2.196501e+01
2172	2.630671e-10	2.205861e+01
2173	2.283452e-10	2.220016e+01
2174	1.979682e-10	2.234291e+01
2175	1.655512e-10	2.252174e+01
2176	1.366467e-10	2.271362e+01
2177	1.249835e-10	2.280284e+01
2178	1.084719e-10	2.294453e+01
2179	8.914533e-11	2.314075e+01
2180	8.053518e-11	2.324233e+01
2181	6.746392e-11	2.341943e+01
2182	6.268782e-11	2.349285e+01
2183	5.004975e-11	2.371800e+01
2184	4.402360e-11	2.384630e+01
2185	3.959421e-11	2.395234e+01
2186	3.314327e-11	2.413018e+01
2187	2.952977e-11	2.424562e+01
2188	2.418068e-11	2.444547e+01
2189	2.026833e-11	2.462196e+01
2190	1.772004e-11	2.475632e+01
2191	1.450432e-11	2.495657e+01
2192	1.263276e-11	2.509473e+01
2193	1.016549e-11	2.531202e+01
2194	8.931504e-12	2.544144e+01
2195	7.559130e-12	2.560826e+01
2196	6.240149e-12	2.580002e+01
2197	5.454208e-12	2.593463e+01
2198	4.586101e-12	2.610799e+01
2199	3.858762e-12	2.628067e+01
2200	3.132780e-12	2.648910e+01
2201	2.813492e-12	2.659659e+01
2202	2.189301e-12	2.684744e+01
2203	1.896638e-12	2.699094e+01
2204	1.562720e-12	2.718459e+01
2205	1.324799e-12	2.734976e+01
2206	1.079684e-12	2.755435e+01
2207	8.724222e-13	2.776750e+01
2208	7.353233e-13	2.793847e+01
2209	6.129409e-13	2.812051e+01
2210	5.443912e-13	2.823911e+01
2211	4.477702e-13	2.843450e+01
2212	3.599504e-13	2.865281e+01
2213	3.086844e-13	2.880646e+01
2214	2.558295e-13	2.899427e+01
2215	2.045410e-13	2.921801e+01
2216	1.717942e-13	2.939248e+01
2217	1.452385e-13	2.956040e+01
2218	1.287487e-13	2.968091e+01
2219	1.004982e-13	2.992864e+01
2220	8.430179e-14	3.010437e+01
2221	6.599777e-14	3.034916e+01
2222	5.794707e-14	3.047925e+01
2223	4.818686e-14	3.066369e+01
2224	3.805139e-14	3.089984e+01
2225	3.304204e-14	3.104100e+01
2226	2.761704e-14	3.122034e+01
2227	2.111842e-14	3.148863e+01
2228	1.967291e-14	3.155953e+01
2229	1.616108e-14	3.175617e+01
2230	1.323070e-14	3.195624e+01
2231	1.099644e-14	3.214120e+01
2232	8.863327e-15	3.235685e+01
2233	7.817308e-15	3.248244e+01
2234	5.946815e-15	3.275592e+01
2235	5.143310e-15	3.290108e+01
2236	4.207966e-15	3.310180e+01
2237	3.423660e-15	3.330807e+01
2238	2.768577e-15	3.352044e+01
2239	2.370634e-15	3.367562e+01
2240	1.923847e-15	3.388445e+01
2241	1.608826e-15	3.406327e+01
2242	1.356049e-15	3.423420e+01
2243	1.077636e-15	3.446401e+01
2244	9.118937e-16	3.463101e+01
2245	7.209220e-16	3.486600e+01
2246	6.637351e-16	3.494865e+01
2247	5.098210e-16	3.521247e+01
2248	4.039940e-16	3.544513e+01
2249	3.318563e-16	3.564183e+01
2250	2.704249e-16	3.584654e+01
2251	2.321790e-16	3.599902e+01
2252	1.845383e-16	3.622867e+01
2253	1.566474e-16	3.639253e+01
2254	1.265757e-16	3.660569e+01
2255	1.037159e-16	3.680488e+01
2256	8.384100e-17	3.701761e+01
2257	6.883931e-17	3.721476e+01
2258	5.575269e-17	3.742561e+01
2259	4.455790e-17	3.764974e+01
2260	3.736801e-17	3.782572e+01
2261	3.075221e-17	3.802057e+01
2262	2.360481e-17	3.828508e+01
2263	1.970702e-17	3.846556e+01
2264	1.599098e-17	3.867451e+01
2265	1.318447e-17	3.886749e+01
2266	9.905943e-18	3.915340e+01
2267	8.926084e-18	3.925755e+01
2268	6.637886e-18	3.955374e+01
2269	5.609013e-18	3.972216e+01
2270	4.365969e-18	3.997269e+01
2271	3.277238e-18	4.025953e+01
2272	2.864842e-18	4.039402e+01
2273	2.196514e-18	4.065966e+01
2274	1.832958e-18	4.084060e+01
2275	1.368787e-18	4.113261e+01
2276	1.120539e-18	4.133272e+01
2277	8.949389e-19	4.155753e+01
2278	6.749155e-19	4.183970e+01
2279	5.326633e-19	4.207640e+01
2280	4.538547e-19	4.223651e+01
2281	3.111154e-19	4.261412e+01
2282	2.788406e-19	4.272365e+01
2283	1.921493e-19	4.309601e+01
2284	1.648476e-19	4.324927e+01
2285	1.275892e-19	4.350547e+01
2286	1.123858e-19	4.363235e+01
2287	7.941288e-20	4.397963e+01
2288	6.181255e-20	4.423018e+01
2289	5.302141e-20	4.438359e+01
2290	3.940896e-20	4.468029e+01
2291	3.622554e-20	4.476452e+01
2292	2.982069e-20	4.495908e+01
2293	2.535638e-20	4.512126e+01
2294	2.115353e-20	4.530248e+01
2295	1.709685e-20	4.551539e+01
2296	1.492456e-20	4.565128e+01
2297	1.223635e-20	4.584988e+01
2298	1.147241e-20	4.591434e+01
2299	9.176631e-21	4.613763e+01
2300	8.347469e-21	4.623233e+01
2301	7.497267e-21	4.633975e+01
2302	6.543902e-21	4.647575e+01
2303	5.935222e-21	4.657338e+01
2304	5.361463e-21	4.667505e+01
2305	4.285633e-21	4.689902e+01
2306	4.027685e-21	4.696110e+01
2307	3.757809e-21	4.703045e+01
2308	3.306153e-21	4.715850e+01
2309	3.078282e-21	4.722992e+01
2310	2.753569e-21	4.734139e+01
2311	2.564889e-21	4.741237e+01
2312	2.245106e-21	4.754553e+01
2313	2.057587e-21	4.763275e+01
2314	1.808689e-21	4.776168e+01
2315	1.606147e-21	4.788045e+01
2316	1.616152e-21	4.787424e+01
2317	1.414296e-21	4.800766e+01
2318	1.327822e-21	4.807075e+01
2319	1.175737e-21	4.819239e+01
2320	1.121346e-21	4.823976e+01
2321	1.002636e-21	4.835165e+01
2322	9.386391e-22	4.841761e+01
2323	8.227253e-22	4.854942e+01
2324	7.652159e-22	4.862188e+01
2325	6.990858e-22	4.871227e+01
2326	6.467627e-22	4.879006e+01
2327	5.870407e-22	4.888695e+01
2328	5.079812e-22	4.903160e+01
2329	4.632683e-22	4.912374e+01
2330	4.065628e-22	4.925430e+01
2331	3.557859e-22	4.938771e+01
2332	3.189145e-22	4.949712e+01
2333	2.768781e-22	4.963846e+01
2334	2.347047e-22	4.980371e+01
2335	2.046824e-22	4.994058e+01
2336	1.670942e-22	5.014348e+01
2337	1.440611e-22	5.029180e+01
2338	1.183988e-22	5.048798e+01
2339	9.810874e-23	5.067597e+01
2340	8.087808e-23	5.086910e+01
2341	6.654106e-23	5.106422e+01
2342	5.269827e-23	5.129746e+01
2343	4.377103e-23	5.148307e+01
2344	3.531582e-23	5.169771e+01
2345	2.925133e-23	5.188612e+01
2346	2.249010e-23	5.214897e+01
2347	1.904474e-23	5.231525e+01
2348	1.611139e-23	5.248252e+01
2349	1.207930e-23	5.277055e+01
2350	9.516883e-24	5.300897e+01
2351	8.075633e-24	5.317319e+01
2352	6.220787e-24	5.343415e+01
2353	5.197704e-24	5.361383e+01
2354	4.049531e-24	5.386344e+01
2355	3.386365e-24	5.404229e+01
2356	2.750097e-24	5.425041e+01
2357	2.171397e-24	5.448667e+01
2358	1.728481e-24	5.471480e+01
2359	1.427907e-24	5.490583e+01
2360	1.150664e-24	5.512170e+01
2361	9.636938e-25	5.529902e+01
2362	7.458476e-25	5.555528e+01
2363	6.228573e-25	5.573548e+01
2364	4.761710e-25	5.600402e+01
2365	3.669847e-25	5.626448e+01
2366	2.966630e-25	5.647720e+01
2367	2.309652e-25	5.672753e+01
2368	1.914325e-25	5.691526e+01
2369	1.446086e-25	5.719577e+01
2370	1.101695e-25	5.746778e+01
2371	8.450492e-26	5.773299e+01
2372	6.654693e-26	5.797189e+01
2373	4.919425e-26	5.827402e+01
2374	4.001671e-26	5.848050e+01
2375	2.987264e-26	5.877285e+01
2376	2.322843e-26	5.902442e+01
2377	1.742789e-26	5.931173e+01
2378	1.327657e-26	5.958380e+01
2379	9.991493e-27	5.986806e+01
2380	7.816380e-27	6.011358e+01
2381	5.997061e-27	6.037853e+01
2382	4.515808e-27	6.066221e+01
2383	3.587111e-27	6.089245e+01
2384	2.703756e-27	6.117516e+01
2385	2.175788e-27	6.139241e+01
2386	1.610661e-27	6.169315e+01
2387	1.319336e-27	6.189267e+01
2388	9.538904e-28	6.221700e+01
2389	7.901481e-28	6.240533e+01
2390	5.737964e-28	6.272528e+01
2391	4.437234e-28	6.298235e+01
2392	3.631562e-28	6.318272e+01
2393	2.714047e-28	6.347394e+01
2394	2.175285e-28	6.369522e+01
2395	1.739424e-28	6.391883e+01
2396	1.287995e-28	6.421930e+01
2397	1.008666e-28	6.446375e+01
2398	7.630236e-29	6.474285e+01
2399	5.989984e-29	6.498488e+01
2400	4.812964e-29	6.520365e+01
2401	3.447786e-29	6.553724e+01
2402	2.654138e-29	6.579885e+01
2403	2.132108e-29	6.601786e+01
2404	1.594885e-29	6.630817e+01
2405	1.186429e-29	6.660402e+01
2406	9.598701e-30	6.681592e+01
2407	6.738024e-30	6.716979e+01
2408	4.925513e-30	6.748312e+01
2409	3.622644e-30	6.779035e+01
2410	2.732203e-30	6.807244e+01
2411	2.033457e-30	6.836782e+01
2412	1.554668e-30	6.863629e+01
2413	1.063571e-30	6.901592e+01
2414	7.789376e-31	6.932738e+01
2415	5.927572e-31	6.960052e+01
2416	4.072083e-31	6.997598e+01
2417	3.200134e-31	7.021695e+01
2418	2.336012e-31	7.053169e+01
2419	1.722360e-31	7.083644e+01
2420	1.326904e-31	7.109729e+01
2421	9.331184e-32	7.144936e+01
2422	6.831496e-32	7.176118e+01
2423	5.369785e-32	7.200194e+01
2424	4.000000e-32	7.229643e+01
2425	3.008001e-32	7.258145e+01
2426	2.319349e-32	7.284144e+01
2427	1.777553e-32	7.310749e+01
2428	1.333745e-32	7.339473e+01
2429	9.804630e-33	7.370245e+01
2430	7.706767e-33	7.394321e+01
2431	5.610123e-33	7.426074e+01
2432	4.266772e-33	7.453445e+01
2433	3.523262e-33	7.472592e+01
2434	2.593184e-33	7.503242e+01
2435	2.122481e-33	7.523272e+01
2436	1.620674e-33	7.550247e+01
2437	1.206316e-33	7.579774e+01
2438	9.604344e-34	7.602568e+01
2439	7.327312e-34	7.629628e+01
2440	5.364462e-34	7.660810e+01
2441	4.343468e-34	7.681922e+01
2442	3.292489e-34	7.709625e+01
2443	2.652550e-34	7.731237e+01
2444	2.096061e-34	7.754783e+01
2445	1.581328e-34	7.782963e+01
2446	1.269716e-34	7.804910e+01
2447	9.025391e-35	7.839044e+01
2448	7.092284e-35	7.863147e+01
2449	5.517455e-35	7.888256e+01
2450	4.352470e-35	7.911973e+01
2451	3.127702e-35	7.945018e+01
2452	2.687681e-35	7.960180e+01
2453	1.930597e-35	7.993265e+01
2454	1.424298e-35	8.023680e+01
2455	1.217080e-35	8.039402e+01
2456	8.884748e-36	8.070873e+01
2457	6.879307e-36	8.096455e+01
2458	4.732129e-36	8.133869e+01
2459	3.754983e-36	8.156998e+01
2460	2.697167e-36	8.190086e+01
2461	2.201979e-36	8.210371e+01
2462	1.673029e-36	8.237843e+01
2463	1.283760e-36	8.264327e+01
2464	9.573064e-37	8.293670e+01
2465	7.484342e-37	8.318284e+01
2466	5.939852e-37	8.341396e+01
2467	4.442142e-37	8.370451e+01
2468	3.322163e-37	8.399503e+01
2469	2.601984e-37	8.423937e+01
2470	1.937629e-37	8.453418e+01
2471	1.548410e-37	8.475842e+01
2472	1.222752e-37	8.499454e+01
2473	8.477422e-38	8.536083e+01
2474	6.945429e-38	8.556015e+01
2475	5.398070e-38	8.581219e+01
2476	4.397818e-38	8.601712e+01
2477	3.371173e-38	8.628297e+01
2478	2.702382e-38	8.650410e+01
2479	2.017695e-38	8.679628e+01
2480	1.616730e-38	8.701783e+01
2481	1.268101e-38	8.726071e+01
2482	1.004388e-38	8.749385e+01
2483	7.712966e-39	8.775792e+01
2484	6.086503e-39	8.799474e+01
2485	4.869381e-39	8.821785e+01
2486	4.029670e-39	8.840713e+01
2487	2.941355e-39	8.872195e+01
2488	2.618863e-39	8.883808e+01
2489	1.973470e-39	8.912103e+01
2490	1.682794e-39	8.928036e+01
2491	1.284990e-39	8.955007e+01
2492	1.035936e-39	8.976551e+01
2493	8.262490e-40	8.999168e+01
2494	6.355364e-40	9.025410e+01
2495	5.318739e-40	9.043217e+01
2496	4.426829e-40	9.061572e+01
2497	3.468263e-40	9.085975e+01
2498	2.806242e-40	9.107156e+01
2499	2.332405e-40	9.125650e+01
2500	1.803484e-40	9.151368e+01
2501	1.473780e-40	9.171557e+01
2502	1.170764e-40	9.194575e+01
2503	9.352793e-41	9.217031e+01
2504	7.905764e-41	9.233840e+01
2505	6.579111e-41	9.252209e+01
2506	4.998769e-41	9.279680e+01
2507	4.395833e-41	9.292533e+01
2508	3.415864e-41	9.317756e+01
2509	2.789060e-41	9.338028e+01
2510	2.280134e-41	9.358175e+01
2511	1.919884e-41	9.375372e+01
2512	1.538372e-41	9.397526e+01
2513	1.271443e-41	9.416584e+01
2514	1.085356e-41	9.432408e+01
2515	8.554644e-42	9.456210e+01
2516	6.964660e-42	9.476773e+01
2517	5.378942e-42	9.502608e+01
2518	4.502740e-42	9.520389e+01
2519	3.859805e-42	9.535796e+01
2520	3.020485e-42	9.560316e+01
2521	2.345736e-42	9.585597e+01
2522	2.116182e-42	9.595896e+01
2523	1.668875e-42	9.619642e+01
2524	1.279344e-42	9.646223e+01
2525	1.049632e-42	9.666013e+01
2526	8.789303e-43	9.683762e+01
2527	7.517012e-43	9.699399e+01
2528	5.964910e-43	9.722527e+01
2529	4.892725e-43	9.742341e+01
2530	3.750322e-43	9.768932e+01
2531	3.367992e-43	9.779684e+01
2532	2.549670e-43	9.807519e+01
2533	2.101340e-43	9.826858e+01
2534	1.755214e-43	9.844857e+01
2535	1.441459e-43	9.864550e+01
2536	1.145316e-43	9.887548e+01
2537	9.396224e-44	9.907344e+01
2538	7.664360e-44	9.927716e+01
2539	6.310750e-44	9.947149e+01
2540	5.101435e-44	9.968422e+01
2541	4.060496e-44	9.991244e+01
2542	3.479343e-44	1.000669e+02
2543	2.746850e-44	1.003033e+02
2544	2.406531e-44	1.004356e+02
2545	1.990281e-44	1.006255e+02
2546	1.677484e-44	1.007964e+02
2547	1.353112e-44	1.010113e+02
2548	1.147645e-44	1.011760e+02
2549	9.068161e-45	1.014116e+02
2550	7.739846e-45	1.015699e+02
2551	6.437712e-45	1.017542e+02
2552	5.420803e-45	1.019261e+02
2553	4.375878e-45	1.021402e+02
2554	3.570431e-45	1.023436e+02
2555	3.092239e-45	1.024874e+02
2556	2.522502e-45	1.026911e+02
2557	2.166122e-45	1.028434e+02
2558	1.740101e-45	1.030624e+02
2559	1.477445e-45	1.032260e+02
2560	1.188212e-45	1.034439e+02
2561	1.009609e-45	1.036068e+02
2562	8.283624e-46	1.038046e+02
2563	7.047914e-46	1.039662e+02
2564	5.885947e-46	1.041463e+02
2565	4.704594e-46	1.043704e+02
2566	4.215789e-46	1.044801e+02
2567	3.559608e-46	1.046493e+02
2568	2.784408e-46	1.048949e+02
2569	2.473722e-46	1.050132e+02
2570	2.007369e-46	1.052221e+02
2571	1.636100e-46	1.054266e+02
2572	1.422388e-46	1.055666e+02
2573	1.165029e-46	1.057662e+02
2574	9.759898e-47	1.059432e+02
2575	7.941362e-47	1.061494e+02
2576	6.575143e-47	1.063382e+02
2577	5.844104e-47	1.064561e+02
2578	4.671056e-47	1.066801e+02
2579	3.663530e-47	1.069231e+02
2580	3.451391e-47	1.069827e+02
2581	2.701289e-47	1.072278e+02
2582	2.002319e-47	1.075272e+02
2583	1.723844e-47	1.076769e+02
2584	1.463770e-47	1.078405e+02
2585	1.450009e-47	1.078499e+02
2586	1.084462e-47	1.081404e+02
2587	9.922129e-48	1.082293e+02
2588	7.981259e-48	1.084470e+02
2589	6.767329e-48	1.086120e+02
2590	5.135444e-48	1.088879e+02
2591	4.564435e-48	1.090058e+02
2592	3.186141e-48	1.093653e+02
2593	3.299692e-48	1.093303e+02
2594	2.462307e-48	1.096230e+02
2595	1.875351e-48	1.098953e+02
2596	1.510442e-48	1.101117e+02
2597	1.296340e-48	1.102645e+02
2598	1.314776e-48	1.102504e+02
2599	8.932489e-49	1.106370e+02
2600	9.865820e-49	1.105376e+02
2601	4.145167e-49	1.114047e+02
2602	4.171264e-49	1.113985e+02
2603	6.806954e-49	1.109087e+02
2604	3.278984e-49	1.116391e+02
2605	2.344464e-49	1.119746e+02
2606	2.736446e-49	1.118200e+02
2607	2.087887e-49	1.120905e+02
2608	1.446814e-49	1.124573e+02
2609	1.515029e-49	1.124112e+02
2610	1.162584e-49	1.126760e+02
2611	4.147701e-50	1.137067e+02
2612	1.255822e-49	1.125989e+02
2613	4.388464e-50	1.136503e+02
2614	9.421988e-50	1.128862e+02
2615	0.000000e+00	inf
2616	0.000000e+00	inf
2617	5.559683e-50	1.134137e+02
