0	0.000000e+00	inf
1	0.000000e+00	inf
2	0.000000e+00	inf
3	0.000000e+00	inf
4	0.000000e+00	inf
5	0.000000e+00	inf
6	0.000000e+00	inf
7	0.000000e+00	inf
8	0.000000e+00	inf
9	0.000000e+00	inf
10	0.000000e+00	inf
11	0.000000e+00	inf
12	0.000000e+00	inf
13	0.000000e+00	inf
14	0.000000e+00	inf
15	0.000000e+00	inf
16	0.000000e+00	inf
17	0.000000e+00	inf
18	0.000000e+00	inf
19	0.000000e+00	inf
20	0.000000e+00	inf
21	0.000000e+00	inf
22	0.000000e+00	inf
23	0.000000e+00	inf
24	0.000000e+00	inf
25	0.000000e+00	inf
26	0.000000e+00	inf
27	0.000000e+00	inf
28	0.000000e+00	inf
29	0.000000e+00	inf
30	0.000000e+00	inf
31	0.000000e+00	inf
32	0.000000e+00	inf
33	0.000000e+00	inf
34	0.000000e+00	inf
35	0.000000e+00	inf
36	0.000000e+00	inf
37	0.000000e+00	inf
38	0.000000e+00	inf
39	0.000000e+00	inf
40	0.000000e+00	inf
41	0.000000e+00	inf
42	0.000000e+00	inf
43	0.000000e+00	inf
44	0.000000e+00	inf
45	0.000000e+00	inf
46	0.000000e+00	inf
47	0.000000e+00	inf
48	0.000000e+00	inf
49	0.000000e+00	inf
50	0.000000e+00	inf
51	0.000000e+00	inf
52	0.000000e+00	inf
53	0.000000e+00	inf
54	0.000000e+00	inf
55	0.000000e+00	inf
56	0.000000e+00	inf
57	0.000000e+00	inf
58	0.000000e+00	inf
59	0.000000e+00	inf
60	0.000000e+00	inf
61	0.000000e+00	inf
62	0.000000e+00	inf
63	0.000000e+00	inf
64	0.000000e+00	inf
65	0.000000e+00	inf
66	0.000000e+00	inf
67	0.000000e+00	inf
68	0.000000e+00	inf
69	0.000000e+00	inf
70	0.000000e+00	inf
71	0.000000e+00	inf
72	0.000000e+00	inf
73	0.000000e+00	inf
74	0.000000e+00	inf
75	0.000000e+00	inf
76	0.000000e+00	inf
77	0.000000e+00	inf
78	0.000000e+00	inf
79	0.000000e+00	inf
80	0.000000e+00	inf
81	0.000000e+00	inf
82	0.000000e+00	inf
83	0.000000e+00	inf
84	0.000000e+00	inf
85	0.000000e+00	inf
86	0.000000e+00	inf
87	0.000000e+00	inf
88	0.000000e+00	inf
89	0.000000e+00	inf
90	0.000000e+00	inf
91	0.000000e+00	inf
92	0.000000e+00	inf
93	0.000000e+00	inf
94	0.000000e+00	inf
95	0.000000e+00	inf
96	0.000000e+00	inf
97	0.000000e+00	inf
98	0.000000e+00	inf
99	0.000000e+00	inf
100	0.000000e+00	inf
101	0.000000e+00	inf
102	0.000000e+00	inf
103	0.000000e+00	inf
104	0.000000e+00	inf
105	0.000000e+00	inf
106	0.000000e+00	inf
107	0.000000e+00	inf
108	0.000000e+00	inf
109	0.000000e+00	inf
110	0.000000e+00	inf
111	0.000000e+00	inf
112	0.000000e+00	inf
113	0.000000e+00	inf
114	0.000000e+00	inf
115	0.000000e+00	inf
116	0.000000e+00	inf
117	0.000000e+00	inf
118	0.000000e+00	inf
119	0.000000e+00	inf
120	0.000000e+00	inf
121	0.000000e+00	inf
122	0.000000e+00	inf
123	0.000000e+00	inf
124	0.000000e+00	inf
125	0.000000e+00	inf
126	0.000000e+00	inf
127	0.000000e+00	inf
128	0.000000e+00	inf
129	0.000000e+00	inf
130	0.000000e+00	inf
131	0.000000e+00	inf
132	0.000000e+00	inf
133	0.000000e+00	inf
134	0.000000e+00	inf
135	0.000000e+00	inf
136	0.000000e+00	inf
137	0.000000e+00	inf
138	0.000000e+00	inf
139	0.000000e+00	inf
140	0.000000e+00	inf
141	0.000000e+00	inf
142	0.000000e+00	inf
143	0.000000e+00	inf
144	0.000000e+00	inf
145	0.000000e+00	inf
146	0.000000e+00	inf
147	0.000000e+00	inf
148	0.000000e+00	inf
149	0.000000e+00	inf
150	0.000000e+00	inf
151	0.000000e+00	inf
152	0.000000e+00	inf
153	0.000000e+00	inf
154	0.000000e+00	inf
155	0.000000e+00	inf
156	0.000000e+00	inf
157	0.000000e+00	inf
158	0.000000e+00	inf
159	0.000000e+00	inf
160	0.000000e+00	inf
161	0.000000e+00	inf
162	0.000000e+00	inf
163	0.000000e+00	inf
164	0.000000e+00	inf
165	0.000000e+00	inf
166	0.000000e+00	inf
167	0.000000e+00	inf
168	0.000000e+00	inf
169	0.000000e+00	inf
170	0.000000e+00	inf
171	0.000000e+00	inf
172	0.000000e+00	inf
173	0.000000e+00	inf
174	0.000000e+00	inf
175	0.000000e+00	inf
176	0.000000e+00	inf
177	0.000000e+00	inf
178	0.000000e+00	inf
179	0.000000e+00	inf
180	0.000000e+00	inf
181	0.000000e+00	inf
182	0.000000e+00	inf
183	0.000000e+00	inf
184	0.000000e+00	inf
185	0.000000e+00	inf
186	0.000000e+00	inf
187	0.000000e+00	inf
188	0.000000e+00	inf
189	0.000000e+00	inf
190	0.000000e+00	inf
191	0.000000e+00	inf
192	0.000000e+00	inf
193	0.000000e+00	inf
194	0.000000e+00	inf
195	0.000000e+00	inf
196	0.000000e+00	inf
197	0.000000e+00	inf
198	0.000000e+00	inf
199	0.000000e+00	inf
200	0.000000e+00	inf
201	0.000000e+00	inf
202	0.000000e+00	inf
203	0.000000e+00	inf
204	0.000000e+00	inf
205	0.000000e+00	inf
206	0.000000e+00	inf
207	0.000000e+00	inf
208	0.000000e+00	inf
209	0.000000e+00	inf
210	0.000000e+00	inf
211	0.000000e+00	inf
212	0.000000e+00	inf
213	0.000000e+00	inf
214	0.000000e+00	inf
215	0.000000e+00	inf
216	0.000000e+00	inf
217	0.000000e+00	inf
218	0.000000e+00	inf
219	0.000000e+00	inf
220	0.000000e+00	inf
221	0.000000e+00	inf
222	0.000000e+00	inf
223	0.000000e+00	inf
224	0.000000e+00	inf
225	0.000000e+00	inf
226	0.000000e+00	inf
227	0.000000e+00	inf
228	0.000000e+00	inf
229	0.000000e+00	inf
230	0.000000e+00	inf
231	0.000000e+00	inf
232	0.000000e+00	inf
233	0.000000e+00	inf
234	0.000000e+00	inf
235	0.000000e+00	inf
236	0.000000e+00	inf
237	0.000000e+00	inf
238	0.000000e+00	inf
239	0.000000e+00	inf
240	0.000000e+00	inf
241	0.000000e+00	inf
242	0.000000e+00	inf
243	0.000000e+00	inf
244	0.000000e+00	inf
245	0.000000e+00	inf
246	0.000000e+00	inf
247	0.000000e+00	inf
248	0.000000e+00	inf
249	0.000000e+00	inf
250	0.000000e+00	inf
251	0.000000e+00	inf
252	0.000000e+00	inf
253	0.000000e+00	inf
254	0.000000e+00	inf
255	0.000000e+00	inf
256	0.000000e+00	inf
257	0.000000e+00	inf
258	0.000000e+00	inf
259	0.000000e+00	inf
260	0.000000e+00	inf
261	0.000000e+00	inf
262	0.000000e+00	inf
263	0.000000e+00	inf
264	0.000000e+00	inf
265	0.000000e+00	inf
266	0.000000e+00	inf
267	0.000000e+00	inf
268	0.000000e+00	inf
269	0.000000e+00	inf
270	0.000000e+00	inf
271	0.000000e+00	inf
272	0.000000e+00	inf
273	0.000000e+00	inf
274	0.000000e+00	inf
275	0.000000e+00	inf
276	0.000000e+00	inf
277	0.000000e+00	inf
278	0.000000e+00	inf
279	0.000000e+00	inf
280	0.000000e+00	inf
281	0.000000e+00	inf
282	0.000000e+00	inf
283	0.000000e+00	inf
284	0.000000e+00	inf
285	0.000000e+00	inf
286	0.000000e+00	inf
287	0.000000e+00	inf
288	0.000000e+00	inf
289	0.000000e+00	inf
290	0.000000e+00	inf
291	0.000000e+00	inf
292	0.000000e+00	inf
293	0.000000e+00	inf
294	0.000000e+00	inf
295	0.000000e+00	inf
296	0.000000e+00	inf
297	0.000000e+00	inf
298	0.000000e+00	inf
299	0.000000e+00	inf
300	0.000000e+00	inf
301	0.000000e+00	inf
302	0.000000e+00	inf
303	0.000000e+00	inf
304	0.000000e+00	inf
305	0.000000e+00	inf
306	0.000000e+00	inf
307	0.000000e+00	inf
308	0.000000e+00	inf
309	0.000000e+00	inf
310	0.000000e+00	inf
311	0.000000e+00	inf
312	0.000000e+00	inf
313	0.000000e+00	inf
314	0.000000e+00	inf
315	0.000000e+00	inf
316	0.000000e+00	inf
317	0.000000e+00	inf
318	0.000000e+00	inf
319	0.000000e+00	inf
320	0.000000e+00	inf
321	0.000000e+00	inf
322	0.000000e+00	inf
323	0.000000e+00	inf
324	0.000000e+00	inf
325	0.000000e+00	inf
326	0.000000e+00	inf
327	0.000000e+00	inf
328	0.000000e+00	inf
329	0.000000e+00	inf
330	0.000000e+00	inf
331	0.000000e+00	inf
332	0.000000e+00	inf
333	0.000000e+00	inf
334	0.000000e+00	inf
335	0.000000e+00	inf
336	0.000000e+00	inf
337	0.000000e+00	inf
338	0.000000e+00	inf
339	0.000000e+00	inf
340	0.000000e+00	inf
341	0.000000e+00	inf
342	0.000000e+00	inf
343	0.000000e+00	inf
344	0.000000e+00	inf
345	0.000000e+00	inf
346	0.000000e+00	inf
347	0.000000e+00	inf
348	0.000000e+00	inf
349	0.000000e+00	inf
350	0.000000e+00	inf
351	0.000000e+00	inf
352	0.000000e+00	inf
353	0.000000e+00	inf
354	0.000000e+00	inf
355	0.000000e+00	inf
356	0.000000e+00	inf
357	0.000000e+00	inf
358	0.000000e+00	inf
359	0.000000e+00	inf
360	0.000000e+00	inf
361	0.000000e+00	inf
362	0.000000e+00	inf
363	0.000000e+00	inf
364	0.000000e+00	inf
365	0.000000e+00	inf
366	0.000000e+00	inf
367	0.000000e+00	inf
368	0.000000e+00	inf
369	0.000000e+00	inf
370	0.000000e+00	inf
371	0.000000e+00	inf
372	0.000000e+00	inf
373	0.000000e+00	inf
374	0.000000e+00	inf
375	0.000000e+00	inf
376	0.000000e+00	inf
377	0.000000e+00	inf
378	0.000000e+00	inf
379	0.000000e+00	inf
380	0.000000e+00	inf
381	0.000000e+00	inf
382	0.000000e+00	inf
383	0.000000e+00	inf
384	0.000000e+00	inf
385	0.000000e+00	inf
386	0.000000e+00	inf
387	0.000000e+00	inf
388	0.000000e+00	inf
389	0.000000e+00	inf
390	0.000000e+00	inf
391	0.000000e+00	inf
392	0.000000e+00	inf
393	0.000000e+00	inf
394	0.000000e+00	inf
395	0.000000e+00	inf
396	0.000000e+00	inf
397	0.000000e+00	inf
398	0.000000e+00	inf
399	0.000000e+00	inf
400	0.000000e+00	inf
401	0.000000e+00	inf
402	0.000000e+00	inf
403	0.000000e+00	inf
404	0.000000e+00	inf
405	0.000000e+00	inf
406	0.000000e+00	inf
407	0.000000e+00	inf
408	0.000000e+00	inf
409	0.000000e+00	inf
410	0.000000e+00	inf
411	0.000000e+00	inf
412	0.000000e+00	inf
413	0.000000e+00	inf
414	0.000000e+00	inf
415	0.000000e+00	inf
416	0.000000e+00	inf
417	0.000000e+00	inf
418	0.000000e+00	inf
419	0.000000e+00	inf
420	0.000000e+00	inf
421	0.000000e+00	inf
422	0.000000e+00	inf
423	0.000000e+00	inf
424	0.000000e+00	inf
425	0.000000e+00	inf
426	0.000000e+00	inf
427	0.000000e+00	inf
428	0.000000e+00	inf
429	0.000000e+00	inf
430	0.000000e+00	inf
431	0.000000e+00	inf
432	0.000000e+00	inf
433	0.000000e+00	inf
434	0.000000e+00	inf
435	0.000000e+00	inf
436	0.000000e+00	inf
437	0.000000e+00	inf
438	0.000000e+00	inf
439	0.000000e+00	inf
440	0.000000e+00	inf
441	0.000000e+00	inf
442	0.000000e+00	inf
443	0.000000e+00	inf
444	0.000000e+00	inf
445	0.000000e+00	inf
446	0.000000e+00	inf
447	0.000000e+00	inf
448	0.000000e+00	inf
449	0.000000e+00	inf
450	0.000000e+00	inf
451	0.000000e+00	inf
452	0.000000e+00	inf
453	0.000000e+00	inf
454	0.000000e+00	inf
455	0.000000e+00	inf
456	0.000000e+00	inf
457	0.000000e+00	inf
458	0.000000e+00	inf
459	0.000000e+00	inf
460	0.000000e+00	inf
461	0.000000e+00	inf
462	0.000000e+00	inf
463	0.000000e+00	inf
464	0.000000e+00	inf
465	0.000000e+00	inf
466	0.000000e+00	inf
467	0.000000e+00	inf
468	0.000000e+00	inf
469	0.000000e+00	inf
470	0.000000e+00	inf
471	0.000000e+00	inf
472	0.000000e+00	inf
473	0.000000e+00	inf
474	0.000000e+00	inf
475	0.000000e+00	inf
476	0.000000e+00	inf
477	0.000000e+00	inf
478	0.000000e+00	inf
479	0.000000e+00	inf
480	0.000000e+00	inf
481	0.000000e+00	inf
482	0.000000e+00	inf
483	0.000000e+00	inf
484	0.000000e+00	inf
485	0.000000e+00	inf
486	0.000000e+00	inf
487	0.000000e+00	inf
488	0.000000e+00	inf
489	0.000000e+00	inf
490	0.000000e+00	inf
491	0.000000e+00	inf
492	0.000000e+00	inf
493	0.000000e+00	inf
494	0.000000e+00	inf
495	0.000000e+00	inf
496	0.000000e+00	inf
497	0.000000e+00	inf
498	0.000000e+00	inf
499	0.000000e+00	inf
500	0.000000e+00	inf
501	0.000000e+00	inf
502	0.000000e+00	inf
503	0.000000e+00	inf
504	0.000000e+00	inf
505	0.000000e+00	inf
506	0.000000e+00	inf
507	0.000000e+00	inf
508	0.000000e+00	inf
509	0.000000e+00	inf
510	0.000000e+00	inf
511	0.000000e+00	inf
512	0.000000e+00	inf
513	0.000000e+00	inf
514	0.000000e+00	inf
515	0.000000e+00	inf
516	0.000000e+00	inf
517	0.000000e+00	inf
518	0.000000e+00	inf
519	0.000000e+00	inf
520	0.000000e+00	inf
521	0.000000e+00	inf
522	0.000000e+00	inf
523	0.000000e+00	inf
524	0.000000e+00	inf
525	0.000000e+00	inf
526	0.000000e+00	inf
527	0.000000e+00	inf
528	0.000000e+00	inf
529	0.000000e+00	inf
530	0.000000e+00	inf
531	0.000000e+00	inf
532	0.000000e+00	inf
533	0.000000e+00	inf
534	0.000000e+00	inf
535	0.000000e+00	inf
536	0.000000e+00	inf
537	0.000000e+00	inf
538	0.000000e+00	inf
539	0.000000e+00	inf
540	0.000000e+00	inf
541	0.000000e+00	inf
542	0.000000e+00	inf
543	0.000000e+00	inf
544	0.000000e+00	inf
545	0.000000e+00	inf
546	0.000000e+00	inf
547	0.000000e+00	inf
548	0.000000e+00	inf
549	0.000000e+00	inf
550	0.000000e+00	inf
551	0.000000e+00	inf
552	0.000000e+00	inf
553	0.000000e+00	inf
554	0.000000e+00	inf
555	0.000000e+00	inf
556	0.000000e+00	inf
557	0.000000e+00	inf
558	0.000000e+00	inf
559	0.000000e+00	inf
560	0.000000e+00	inf
561	0.000000e+00	inf
562	0.000000e+00	inf
563	0.000000e+00	inf
564	0.000000e+00	inf
565	0.000000e+00	inf
566	0.000000e+00	inf
567	0.000000e+00	inf
568	0.000000e+00	inf
569	0.000000e+00	inf
570	0.000000e+00	inf
571	0.000000e+00	inf
572	0.000000e+00	inf
573	0.000000e+00	inf
574	0.000000e+00	inf
575	0.000000e+00	inf
576	0.000000e+00	inf
577	0.000000e+00	inf
578	0.000000e+00	inf
579	0.000000e+00	inf
580	0.000000e+00	inf
581	0.000000e+00	inf
582	0.000000e+00	inf
583	0.000000e+00	inf
584	0.000000e+00	inf
585	0.000000e+00	inf
586	0.000000e+00	inf
587	0.000000e+00	inf
588	0.000000e+00	inf
589	0.000000e+00	inf
590	0.000000e+00	inf
591	0.000000e+00	inf
592	0.000000e+00	inf
593	0.000000e+00	inf
594	0.000000e+00	inf
595	0.000000e+00	inf
596	0.000000e+00	inf
597	0.000000e+00	inf
598	0.000000e+00	inf
599	0.000000e+00	inf
600	0.000000e+00	inf
601	0.000000e+00	inf
602	0.000000e+00	inf
603	0.000000e+00	inf
604	0.000000e+00	inf
605	0.000000e+00	inf
606	0.000000e+00	inf
607	0.000000e+00	inf
608	0.000000e+00	inf
609	0.000000e+00	inf
610	0.000000e+00	inf
611	0.000000e+00	inf
612	0.000000e+00	inf
613	0.000000e+00	inf
614	0.000000e+00	inf
615	0.000000e+00	inf
616	0.000000e+00	inf
617	0.000000e+00	inf
618	0.000000e+00	inf
619	0.000000e+00	inf
620	0.000000e+00	inf
621	0.000000e+00	inf
622	0.000000e+00	inf
623	0.000000e+00	inf
624	0.000000e+00	inf
625	0.000000e+00	inf
626	0.000000e+00	inf
627	0.000000e+00	inf
628	0.000000e+00	inf
629	0.000000e+00	inf
630	0.000000e+00	inf
631	0.000000e+00	inf
632	0.000000e+00	inf
633	0.000000e+00	inf
634	0.000000e+00	inf
635	0.000000e+00	inf
636	0.000000e+00	inf
637	0.000000e+00	inf
638	0.000000e+00	inf
639	0.000000e+00	inf
640	0.000000e+00	inf
641	0.000000e+00	inf
642	0.000000e+00	inf
643	0.000000e+00	inf
644	0.000000e+00	inf
645	0.000000e+00	inf
646	0.000000e+00	inf
647	0.000000e+00	inf
648	0.000000e+00	inf
649	0.000000e+00	inf
650	0.000000e+00	inf
651	0.000000e+00	inf
652	0.000000e+00	inf
653	0.000000e+00	inf
654	0.000000e+00	inf
655	0.000000e+00	inf
656	0.000000e+00	inf
657	0.000000e+00	inf
658	0.000000e+00	inf
659	0.000000e+00	inf
660	0.000000e+00	inf
661	0.000000e+00	inf
662	0.000000e+00	inf
663	0.000000e+00	inf
664	0.000000e+00	inf
665	0.000000e+00	inf
666	0.000000e+00	inf
667	0.000000e+00	inf
668	0.000000e+00	inf
669	0.000000e+00	inf
670	0.000000e+00	inf
671	0.000000e+00	inf
672	0.000000e+00	inf
673	0.000000e+00	inf
674	0.000000e+00	inf
675	0.000000e+00	inf
676	0.000000e+00	inf
677	0.000000e+00	inf
678	0.000000e+00	inf
679	0.000000e+00	inf
680	0.000000e+00	inf
681	0.000000e+00	inf
682	0.000000e+00	inf
683	0.000000e+00	inf
684	0.000000e+00	inf
685	0.000000e+00	inf
686	0.000000e+00	inf
687	0.000000e+00	inf
688	0.000000e+00	inf
689	0.000000e+00	inf
690	0.000000e+00	inf
691	0.000000e+00	inf
692	0.000000e+00	inf
693	0.000000e+00	inf
694	0.000000e+00	inf
695	0.000000e+00	inf
696	0.000000e+00	inf
697	0.000000e+00	inf
698	0.000000e+00	inf
699	0.000000e+00	inf
700	0.000000e+00	inf
701	0.000000e+00	inf
702	0.000000e+00	inf
703	0.000000e+00	inf
704	0.000000e+00	inf
705	0.000000e+00	inf
706	0.000000e+00	inf
707	0.000000e+00	inf
708	0.000000e+00	inf
709	0.000000e+00	inf
710	0.000000e+00	inf
711	0.000000e+00	inf
712	0.000000e+00	inf
713	0.000000e+00	inf
714	0.000000e+00	inf
715	0.000000e+00	inf
716	0.000000e+00	inf
717	0.000000e+00	inf
718	0.000000e+00	inf
719	0.000000e+00	inf
720	0.000000e+00	inf
721	0.000000e+00	inf
722	0.000000e+00	inf
723	0.000000e+00	inf
724	0.000000e+00	inf
725	0.000000e+00	inf
726	0.000000e+00	inf
727	0.000000e+00	inf
728	0.000000e+00	inf
729	0.000000e+00	inf
730	0.000000e+00	inf
731	0.000000e+00	inf
732	0.000000e+00	inf
733	0.000000e+00	inf
734	0.000000e+00	inf
735	0.000000e+00	inf
736	0.000000e+00	inf
737	0.000000e+00	inf
738	0.000000e+00	inf
739	0.000000e+00	inf
740	0.000000e+00	inf
741	0.000000e+00	inf
742	0.000000e+00	inf
743	0.000000e+00	inf
744	0.000000e+00	inf
745	0.000000e+00	inf
746	0.000000e+00	inf
747	0.000000e+00	inf
748	0.000000e+00	inf
749	0.000000e+00	inf
750	0.000000e+00	inf
751	0.000000e+00	inf
752	0.000000e+00	inf
753	0.000000e+00	inf
754	0.000000e+00	inf
755	0.000000e+00	inf
756	0.000000e+00	inf
757	0.000000e+00	inf
758	0.000000e+00	inf
759	0.000000e+00	inf
760	0.000000e+00	inf
761	0.000000e+00	inf
762	0.000000e+00	inf
763	0.000000e+00	inf
764	0.000000e+00	inf
765	0.000000e+00	inf
766	0.000000e+00	inf
767	0.000000e+00	inf
768	0.000000e+00	inf
769	0.000000e+00	inf
770	0.000000e+00	inf
771	0.000000e+00	inf
772	0.000000e+00	inf
773	0.000000e+00	inf
774	0.000000e+00	inf
775	0.000000e+00	inf
776	0.000000e+00	inf
777	0.000000e+00	inf
778	0.000000e+00	inf
779	0.000000e+00	inf
780	0.000000e+00	inf
781	0.000000e+00	inf
782	0.000000e+00	inf
783	0.000000e+00	inf
784	0.000000e+00	inf
785	0.000000e+00	inf
786	0.000000e+00	inf
787	0.000000e+00	inf
788	0.000000e+00	inf
789	0.000000e+00	inf
790	0.000000e+00	inf
791	0.000000e+00	inf
792	0.000000e+00	inf
793	0.000000e+00	inf
794	0.000000e+00	inf
795	0.000000e+00	inf
796	0.000000e+00	inf
797	0.000000e+00	inf
798	0.000000e+00	inf
799	0.000000e+00	inf
800	0.000000e+00	inf
801	0.000000e+00	inf
802	0.000000e+00	inf
803	0.000000e+00	inf
804	0.000000e+00	inf
805	0.000000e+00	inf
806	0.000000e+00	inf
807	0.000000e+00	inf
808	0.000000e+00	inf
809	0.000000e+00	inf
810	0.000000e+00	inf
811	0.000000e+00	inf
812	0.000000e+00	inf
813	0.000000e+00	inf
814	0.000000e+00	inf
815	0.000000e+00	inf
816	0.000000e+00	inf
817	0.000000e+00	inf
818	0.000000e+00	inf
819	0.000000e+00	inf
820	0.000000e+00	inf
821	0.000000e+00	inf
822	0.000000e+00	inf
823	0.000000e+00	inf
824	0.000000e+00	inf
825	0.000000e+00	inf
826	0.000000e+00	inf
827	0.000000e+00	inf
828	0.000000e+00	inf
829	0.000000e+00	inf
830	0.000000e+00	inf
831	0.000000e+00	inf
832	0.000000e+00	inf
833	0.000000e+00	inf
834	0.000000e+00	inf
835	0.000000e+00	inf
836	0.000000e+00	inf
837	0.000000e+00	inf
838	0.000000e+00	inf
839	0.000000e+00	inf
840	0.000000e+00	inf
841	0.000000e+00	inf
842	0.000000e+00	inf
843	0.000000e+00	inf
844	0.000000e+00	inf
845	0.000000e+00	inf
846	0.000000e+00	inf
847	0.000000e+00	inf
848	0.000000e+00	inf
849	0.000000e+00	inf
850	0.000000e+00	inf
851	0.000000e+00	inf
852	0.000000e+00	inf
853	0.000000e+00	inf
854	0.000000e+00	inf
855	0.000000e+00	inf
856	0.000000e+00	inf
857	0.000000e+00	inf
858	0.000000e+00	inf
859	0.000000e+00	inf
860	0.000000e+00	inf
861	0.000000e+00	inf
862	0.000000e+00	inf
863	0.000000e+00	inf
864	0.000000e+00	inf
865	0.000000e+00	inf
866	0.000000e+00	inf
867	0.000000e+00	inf
868	0.000000e+00	inf
869	0.000000e+00	inf
870	0.000000e+00	inf
871	0.000000e+00	inf
872	0.000000e+00	inf
873	0.000000e+00	inf
874	0.000000e+00	inf
875	0.000000e+00	inf
876	0.000000e+00	inf
877	0.000000e+00	inf
878	0.000000e+00	inf
879	0.000000e+00	inf
880	0.000000e+00	inf
881	0.000000e+00	inf
882	0.000000e+00	inf
883	0.000000e+00	inf
884	0.000000e+00	inf
885	0.000000e+00	inf
886	0.000000e+00	inf
887	0.000000e+00	inf
888	0.000000e+00	inf
889	0.000000e+00	inf
890	0.000000e+00	inf
891	0.000000e+00	inf
892	0.000000e+00	inf
893	0.000000e+00	inf
894	0.000000e+00	inf
895	0.000000e+00	inf
896	0.000000e+00	inf
897	0.000000e+00	inf
898	0.000000e+00	inf
899	0.000000e+00	inf
900	0.000000e+00	inf
901	0.000000e+00	inf
902	0.000000e+00	inf
903	0.000000e+00	inf
904	0.000000e+00	inf
905	0.000000e+00	inf
906	0.000000e+00	inf
907	0.000000e+00	inf
908	0.000000e+00	inf
909	0.000000e+00	inf
910	0.000000e+00	inf
911	0.000000e+00	inf
912	0.000000e+00	inf
913	0.000000e+00	inf
914	0.000000e+00	inf
915	0.000000e+00	inf
916	0.000000e+00	inf
917	0.000000e+00	inf
918	0.000000e+00	inf
919	0.000000e+00	inf
920	0.000000e+00	inf
921	0.000000e+00	inf
922	0.000000e+00	inf
923	0.000000e+00	inf
924	0.000000e+00	inf
925	0.000000e+00	inf
926	0.000000e+00	inf
927	0.000000e+00	inf
928	0.000000e+00	inf
929	0.000000e+00	inf
930	0.000000e+00	inf
931	0.000000e+00	inf
932	0.000000e+00	inf
933	0.000000e+00	inf
934	0.000000e+00	inf
935	0.000000e+00	inf
936	0.000000e+00	inf
937	0.000000e+00	inf
938	0.000000e+00	inf
939	0.000000e+00	inf
940	0.000000e+00	inf
941	0.000000e+00	inf
942	0.000000e+00	inf
943	0.000000e+00	inf
944	0.000000e+00	inf
945	0.000000e+00	inf
946	0.000000e+00	inf
947	0.000000e+00	inf
948	0.000000e+00	inf
949	0.000000e+00	inf
950	0.000000e+00	inf
951	0.000000e+00	inf
952	0.000000e+00	inf
953	0.000000e+00	inf
954	0.000000e+00	inf
955	0.000000e+00	inf
956	0.000000e+00	inf
957	0.000000e+00	inf
958	0.000000e+00	inf
959	0.000000e+00	inf
960	0.000000e+00	inf
961	0.000000e+00	inf
962	0.000000e+00	inf
963	0.000000e+00	inf
964	0.000000e+00	inf
965	0.000000e+00	inf
966	0.000000e+00	inf
967	0.000000e+00	inf
968	0.000000e+00	inf
969	0.000000e+00	inf
970	0.000000e+00	inf
971	0.000000e+00	inf
972	0.000000e+00	inf
973	0.000000e+00	inf
974	0.000000e+00	inf
975	0.000000e+00	inf
976	0.000000e+00	inf
977	0.000000e+00	inf
978	0.000000e+00	inf
979	0.000000e+00	inf
980	0.000000e+00	inf
981	0.000000e+00	inf
982	0.000000e+00	inf
983	0.000000e+00	inf
984	0.000000e+00	inf
985	0.000000e+00	inf
986	0.000000e+00	inf
987	0.000000e+00	inf
988	0.000000e+00	inf
989	0.000000e+00	inf
990	0.000000e+00	inf
991	0.000000e+00	inf
992	0.000000e+00	inf
993	0.000000e+00	inf
994	0.000000e+00	inf
995	0.000000e+00	inf
996	0.000000e+00	inf
997	0.000000e+00	inf
998	0.000000e+00	inf
999	0.000000e+00	inf
1000	0.000000e+00	inf
1001	0.000000e+00	inf
1002	0.000000e+00	inf
1003	0.000000e+00	inf
1004	0.000000e+00	inf
1005	0.000000e+00	inf
1006	0.000000e+00	inf
1007	0.000000e+00	inf
1008	0.000000e+00	inf
1009	0.000000e+00	inf
1010	0.000000e+00	inf
1011	0.000000e+00	inf
1012	0.000000e+00	inf
1013	0.000000e+00	inf
1014	0.000000e+00	inf
1015	0.000000e+00	inf
1016	0.000000e+00	inf
1017	0.000000e+00	inf
1018	0.000000e+00	inf
1019	0.000000e+00	inf
1020	0.000000e+00	inf
1021	0.000000e+00	inf
1022	0.000000e+00	inf
1023	0.000000e+00	inf
1024	0.000000e+00	inf
1025	0.000000e+00	inf
1026	0.000000e+00	inf
1027	0.000000e+00	inf
1028	0.000000e+00	inf
1029	0.000000e+00	inf
1030	0.000000e+00	inf
1031	0.000000e+00	inf
1032	0.000000e+00	inf
1033	0.000000e+00	inf
1034	0.000000e+00	inf
1035	0.000000e+00	inf
1036	0.000000e+00	inf
1037	0.000000e+00	inf
1038	0.000000e+00	inf
1039	0.000000e+00	inf
1040	0.000000e+00	inf
1041	0.000000e+00	inf
1042	0.000000e+00	inf
1043	0.000000e+00	inf
1044	0.000000e+00	inf
1045	0.000000e+00	inf
1046	0.000000e+00	inf
1047	0.000000e+00	inf
1048	0.000000e+00	inf
1049	0.000000e+00	inf
1050	0.000000e+00	inf
1051	0.000000e+00	inf
1052	0.000000e+00	inf
1053	0.000000e+00	inf
1054	0.000000e+00	inf
1055	0.000000e+00	inf
1056	0.000000e+00	inf
1057	0.000000e+00	inf
1058	0.000000e+00	inf
1059	0.000000e+00	inf
1060	0.000000e+00	inf
1061	0.000000e+00	inf
1062	0.000000e+00	inf
1063	0.000000e+00	inf
1064	0.000000e+00	inf
1065	0.000000e+00	inf
1066	0.000000e+00	inf
1067	0.000000e+00	inf
1068	0.000000e+00	inf
1069	0.000000e+00	inf
1070	0.000000e+00	inf
1071	0.000000e+00	inf
1072	0.000000e+00	inf
1073	0.000000e+00	inf
1074	0.000000e+00	inf
1075	0.000000e+00	inf
1076	0.000000e+00	inf
1077	0.000000e+00	inf
1078	0.000000e+00	inf
1079	0.000000e+00	inf
1080	0.000000e+00	inf
1081	0.000000e+00	inf
1082	0.000000e+00	inf
1083	0.000000e+00	inf
1084	0.000000e+00	inf
1085	0.000000e+00	inf
1086	0.000000e+00	inf
1087	0.000000e+00	inf
1088	0.000000e+00	inf
1089	0.000000e+00	inf
1090	0.000000e+00	inf
1091	0.000000e+00	inf
1092	0.000000e+00	inf
1093	0.000000e+00	inf
1094	0.000000e+00	inf
1095	0.000000e+00	inf
1096	0.000000e+00	inf
1097	0.000000e+00	inf
1098	0.000000e+00	inf
1099	0.000000e+00	inf
1100	0.000000e+00	inf
1101	0.000000e+00	inf
1102	0.000000e+00	inf
1103	0.000000e+00	inf
1104	0.000000e+00	inf
1105	0.000000e+00	inf
1106	0.000000e+00	inf
1107	0.000000e+00	inf
1108	0.000000e+00	inf
1109	0.000000e+00	inf
1110	0.000000e+00	inf
1111	0.000000e+00	inf
1112	0.000000e+00	inf
1113	0.000000e+00	inf
1114	0.000000e+00	inf
1115	0.000000e+00	inf
1116	0.000000e+00	inf
1117	0.000000e+00	inf
1118	0.000000e+00	inf
1119	0.000000e+00	inf
1120	0.000000e+00	inf
1121	0.000000e+00	inf
1122	0.000000e+00	inf
1123	0.000000e+00	inf
1124	0.000000e+00	inf
1125	0.000000e+00	inf
1126	0.000000e+00	inf
1127	0.000000e+00	inf
1128	0.000000e+00	inf
1129	0.000000e+00	inf
1130	0.000000e+00	inf
1131	0.000000e+00	inf
1132	0.000000e+00	inf
1133	0.000000e+00	inf
1134	0.000000e+00	inf
1135	0.000000e+00	inf
1136	0.000000e+00	inf
1137	0.000000e+00	inf
1138	0.000000e+00	inf
1139	0.000000e+00	inf
1140	0.000000e+00	inf
1141	0.000000e+00	inf
1142	0.000000e+00	inf
1143	0.000000e+00	inf
1144	0.000000e+00	inf
1145	0.000000e+00	inf
1146	0.000000e+00	inf
1147	0.000000e+00	inf
1148	0.000000e+00	inf
1149	0.000000e+00	inf
1150	0.000000e+00	inf
1151	0.000000e+00	inf
1152	0.000000e+00	inf
1153	0.000000e+00	inf
1154	0.000000e+00	inf
1155	0.000000e+00	inf
1156	0.000000e+00	inf
1157	0.000000e+00	inf
1158	0.000000e+00	inf
1159	0.000000e+00	inf
1160	0.000000e+00	inf
1161	0.000000e+00	inf
1162	0.000000e+00	inf
1163	0.000000e+00	inf
1164	0.000000e+00	inf
1165	0.000000e+00	inf
1166	0.000000e+00	inf
1167	0.000000e+00	inf
1168	0.000000e+00	inf
1169	0.000000e+00	inf
1170	0.000000e+00	inf
1171	0.000000e+00	inf
1172	0.000000e+00	inf
1173	0.000000e+00	inf
1174	0.000000e+00	inf
1175	0.000000e+00	inf
1176	0.000000e+00	inf
1177	0.000000e+00	inf
1178	0.000000e+00	inf
1179	0.000000e+00	inf
1180	0.000000e+00	inf
1181	0.000000e+00	inf
1182	0.000000e+00	inf
1183	0.000000e+00	inf
1184	0.000000e+00	inf
1185	0.000000e+00	inf
1186	0.000000e+00	inf
1187	0.000000e+00	inf
1188	0.000000e+00	inf
1189	0.000000e+00	inf
1190	0.000000e+00	inf
1191	0.000000e+00	inf
1192	0.000000e+00	inf
1193	0.000000e+00	inf
1194	0.000000e+00	inf
1195	0.000000e+00	inf
1196	0.000000e+00	inf
1197	0.000000e+00	inf
1198	0.000000e+00	inf
1199	0.000000e+00	inf
1200	0.000000e+00	inf
1201	0.000000e+00	inf
1202	0.000000e+00	inf
1203	0.000000e+00	inf
1204	0.000000e+00	inf
1205	0.000000e+00	inf
1206	0.000000e+00	inf
1207	0.000000e+00	inf
1208	0.000000e+00	inf
1209	0.000000e+00	inf
1210	0.000000e+00	inf
1211	0.000000e+00	inf
1212	0.000000e+00	inf
1213	0.000000e+00	inf
1214	0.000000e+00	inf
1215	0.000000e+00	inf
1216	0.000000e+00	inf
1217	0.000000e+00	inf
1218	0.000000e+00	inf
1219	0.000000e+00	inf
1220	0.000000e+00	inf
1221	0.000000e+00	inf
1222	0.000000e+00	inf
1223	0.000000e+00	inf
1224	0.000000e+00	inf
1225	0.000000e+00	inf
1226	0.000000e+00	inf
1227	0.000000e+00	inf
1228	0.000000e+00	inf
1229	0.000000e+00	inf
1230	0.000000e+00	inf
1231	0.000000e+00	inf
1232	0.000000e+00	inf
1233	0.000000e+00	inf
1234	0.000000e+00	inf
1235	0.000000e+00	inf
1236	0.000000e+00	inf
1237	0.000000e+00	inf
1238	0.000000e+00	inf
1239	0.000000e+00	inf
1240	0.000000e+00	inf
1241	0.000000e+00	inf
1242	0.000000e+00	inf
1243	0.000000e+00	inf
1244	0.000000e+00	inf
1245	0.000000e+00	inf
1246	0.000000e+00	inf
1247	0.000000e+00	inf
1248	0.000000e+00	inf
1249	0.000000e+00	inf
1250	0.000000e+00	inf
1251	0.000000e+00	inf
1252	0.000000e+00	inf
1253	0.000000e+00	inf
1254	0.000000e+00	inf
1255	0.000000e+00	inf
1256	0.000000e+00	inf
1257	0.000000e+00	inf
1258	0.000000e+00	inf
1259	0.000000e+00	inf
1260	0.000000e+00	inf
1261	0.000000e+00	inf
1262	0.000000e+00	inf
1263	0.000000e+00	inf
1264	0.000000e+00	inf
1265	0.000000e+00	inf
1266	0.000000e+00	inf
1267	0.000000e+00	inf
1268	0.000000e+00	inf
1269	0.000000e+00	inf
1270	0.000000e+00	inf
1271	0.000000e+00	inf
1272	0.000000e+00	inf
1273	0.000000e+00	inf
1274	0.000000e+00	inf
1275	0.000000e+00	inf
1276	0.000000e+00	inf
1277	0.000000e+00	inf
1278	0.000000e+00	inf
1279	0.000000e+00	inf
1280	0.000000e+00	inf
1281	0.000000e+00	inf
1282	0.000000e+00	inf
1283	0.000000e+00	inf
1284	0.000000e+00	inf
1285	0.000000e+00	inf
1286	0.000000e+00	inf
1287	0.000000e+00	inf
1288	0.000000e+00	inf
1289	0.000000e+00	inf
1290	0.000000e+00	inf
1291	0.000000e+00	inf
1292	0.000000e+00	inf
1293	0.000000e+00	inf
1294	0.000000e+00	inf
1295	0.000000e+00	inf
1296	0.000000e+00	inf
1297	0.000000e+00	inf
1298	0.000000e+00	inf
1299	0.000000e+00	inf
1300	0.000000e+00	inf
1301	0.000000e+00	inf
1302	0.000000e+00	inf
1303	0.000000e+00	inf
1304	0.000000e+00	inf
1305	0.000000e+00	inf
1306	0.000000e+00	inf
1307	0.000000e+00	inf
1308	0.000000e+00	inf
1309	0.000000e+00	inf
1310	0.000000e+00	inf
1311	0.000000e+00	inf
1312	0.000000e+00	inf
1313	0.000000e+00	inf
1314	0.000000e+00	inf
1315	0.000000e+00	inf
1316	0.000000e+00	inf
1317	0.000000e+00	inf
1318	0.000000e+00	inf
1319	0.000000e+00	inf
1320	0.000000e+00	inf
1321	0.000000e+00	inf
1322	0.000000e+00	inf
1323	0.000000e+00	inf
1324	0.000000e+00	inf
1325	0.000000e+00	inf
1326	0.000000e+00	inf
1327	0.000000e+00	inf
1328	0.000000e+00	inf
1329	0.000000e+00	inf
1330	0.000000e+00	inf
1331	0.000000e+00	inf
1332	0.000000e+00	inf
1333	0.000000e+00	inf
1334	0.000000e+00	inf
1335	0.000000e+00	inf
1336	0.000000e+00	inf
1337	0.000000e+00	inf
1338	0.000000e+00	inf
1339	0.000000e+00	inf
1340	0.000000e+00	inf
1341	0.000000e+00	inf
1342	0.000000e+00	inf
1343	0.000000e+00	inf
1344	0.000000e+00	inf
1345	0.000000e+00	inf
1346	0.000000e+00	inf
1347	0.000000e+00	inf
1348	0.000000e+00	inf
1349	0.000000e+00	inf
1350	0.000000e+00	inf
1351	0.000000e+00	inf
1352	0.000000e+00	inf
1353	0.000000e+00	inf
1354	0.000000e+00	inf
1355	0.000000e+00	inf
1356	0.000000e+00	inf
1357	0.000000e+00	inf
1358	0.000000e+00	inf
1359	0.000000e+00	inf
1360	0.000000e+00	inf
1361	0.000000e+00	inf
1362	0.000000e+00	inf
1363	0.000000e+00	inf
1364	0.000000e+00	inf
1365	0.000000e+00	inf
1366	0.000000e+00	inf
1367	0.000000e+00	inf
1368	0.000000e+00	inf
1369	0.000000e+00	inf
1370	0.000000e+00	inf
1371	0.000000e+00	inf
1372	0.000000e+00	inf
1373	0.000000e+00	inf
1374	0.000000e+00	inf
1375	0.000000e+00	inf
1376	0.000000e+00	inf
1377	0.000000e+00	inf
1378	0.000000e+00	inf
1379	0.000000e+00	inf
1380	0.000000e+00	inf
1381	0.000000e+00	inf
1382	0.000000e+00	inf
1383	0.000000e+00	inf
1384	0.000000e+00	inf
1385	0.000000e+00	inf
1386	0.000000e+00	inf
1387	0.000000e+00	inf
1388	0.000000e+00	inf
1389	0.000000e+00	inf
1390	0.000000e+00	inf
1391	0.000000e+00	inf
1392	0.000000e+00	inf
1393	0.000000e+00	inf
1394	0.000000e+00	inf
1395	0.000000e+00	inf
1396	0.000000e+00	inf
1397	0.000000e+00	inf
1398	0.000000e+00	inf
1399	0.000000e+00	inf
1400	0.000000e+00	inf
1401	0.000000e+00	inf
1402	0.000000e+00	inf
1403	0.000000e+00	inf
1404	0.000000e+00	inf
1405	0.000000e+00	inf
1406	0.000000e+00	inf
1407	0.000000e+00	inf
1408	0.000000e+00	inf
1409	0.000000e+00	inf
1410	0.000000e+00	inf
1411	0.000000e+00	inf
1412	0.000000e+00	inf
1413	0.000000e+00	inf
1414	0.000000e+00	inf
1415	0.000000e+00	inf
1416	0.000000e+00	inf
1417	0.000000e+00	inf
1418	0.000000e+00	inf
1419	0.000000e+00	inf
1420	0.000000e+00	inf
1421	0.000000e+00	inf
1422	0.000000e+00	inf
1423	0.000000e+00	inf
1424	0.000000e+00	inf
1425	0.000000e+00	inf
1426	0.000000e+00	inf
1427	0.000000e+00	inf
1428	0.000000e+00	inf
1429	0.000000e+00	inf
1430	0.000000e+00	inf
1431	0.000000e+00	inf
1432	0.000000e+00	inf
1433	0.000000e+00	inf
1434	0.000000e+00	inf
1435	0.000000e+00	inf
1436	0.000000e+00	inf
1437	0.000000e+00	inf
1438	0.000000e+00	inf
1439	0.000000e+00	inf
1440	0.000000e+00	inf
1441	0.000000e+00	inf
1442	0.000000e+00	inf
1443	0.000000e+00	inf
1444	0.000000e+00	inf
1445	0.000000e+00	inf
1446	0.000000e+00	inf
1447	0.000000e+00	inf
1448	0.000000e+00	inf
1449	0.000000e+00	inf
1450	0.000000e+00	inf
1451	0.000000e+00	inf
1452	0.000000e+00	inf
1453	0.000000e+00	inf
1454	0.000000e+00	inf
1455	0.000000e+00	inf
1456	0.000000e+00	inf
1457	0.000000e+00	inf
1458	0.000000e+00	inf
1459	0.000000e+00	inf
1460	0.000000e+00	inf
1461	0.000000e+00	inf
1462	0.000000e+00	inf
1463	0.000000e+00	inf
1464	0.000000e+00	inf
1465	0.000000e+00	inf
1466	0.000000e+00	inf
1467	0.000000e+00	inf
1468	0.000000e+00	inf
1469	0.000000e+00	inf
1470	0.000000e+00	inf
1471	0.000000e+00	inf
1472	0.000000e+00	inf
1473	0.000000e+00	inf
1474	0.000000e+00	inf
1475	0.000000e+00	inf
1476	0.000000e+00	inf
1477	0.000000e+00	inf
1478	0.000000e+00	inf
1479	0.000000e+00	inf
1480	0.000000e+00	inf
1481	0.000000e+00	inf
1482	0.000000e+00	inf
1483	0.000000e+00	inf
1484	0.000000e+00	inf
1485	0.000000e+00	inf
1486	0.000000e+00	inf
1487	0.000000e+00	inf
1488	0.000000e+00	inf
1489	0.000000e+00	inf
1490	0.000000e+00	inf
1491	0.000000e+00	inf
1492	0.000000e+00	inf
1493	0.000000e+00	inf
1494	0.000000e+00	inf
1495	0.000000e+00	inf
1496	0.000000e+00	inf
1497	0.000000e+00	inf
1498	0.000000e+00	inf
1499	0.000000e+00	inf
1500	0.000000e+00	inf
1501	0.000000e+00	inf
1502	0.000000e+00	inf
1503	0.000000e+00	inf
1504	0.000000e+00	inf
1505	0.000000e+00	inf
1506	0.000000e+00	inf
1507	0.000000e+00	inf
1508	0.000000e+00	inf
1509	0.000000e+00	inf
1510	0.000000e+00	inf
1511	0.000000e+00	inf
1512	0.000000e+00	inf
1513	0.000000e+00	inf
1514	0.000000e+00	inf
1515	0.000000e+00	inf
1516	0.000000e+00	inf
1517	0.000000e+00	inf
1518	0.000000e+00	inf
1519	0.000000e+00	inf
1520	0.000000e+00	inf
1521	0.000000e+00	inf
1522	0.000000e+00	inf
1523	0.000000e+00	inf
1524	0.000000e+00	inf
1525	0.000000e+00	inf
1526	0.000000e+00	inf
1527	0.000000e+00	inf
1528	0.000000e+00	inf
1529	0.000000e+00	inf
1530	0.000000e+00	inf
1531	0.000000e+00	inf
1532	0.000000e+00	inf
1533	0.000000e+00	inf
1534	0.000000e+00	inf
1535	0.000000e+00	inf
1536	0.000000e+00	inf
1537	0.000000e+00	inf
1538	0.000000e+00	inf
1539	0.000000e+00	inf
1540	0.000000e+00	inf
1541	0.000000e+00	inf
1542	0.000000e+00	inf
1543	0.000000e+00	inf
1544	0.000000e+00	inf
1545	0.000000e+00	inf
1546	0.000000e+00	inf
1547	0.000000e+00	inf
1548	0.000000e+00	inf
1549	0.000000e+00	inf
1550	0.000000e+00	inf
1551	0.000000e+00	inf
1552	0.000000e+00	inf
1553	0.000000e+00	inf
1554	0.000000e+00	inf
1555	0.000000e+00	inf
1556	0.000000e+00	inf
1557	0.000000e+00	inf
1558	0.000000e+00	inf
1559	0.000000e+00	inf
1560	0.000000e+00	inf
1561	0.000000e+00	inf
1562	0.000000e+00	inf
1563	0.000000e+00	inf
1564	0.000000e+00	inf
1565	0.000000e+00	inf
1566	0.000000e+00	inf
1567	0.000000e+00	inf
1568	0.000000e+00	inf
1569	0.000000e+00	inf
1570	0.000000e+00	inf
1571	0.000000e+00	inf
1572	0.000000e+00	inf
1573	0.000000e+00	inf
1574	0.000000e+00	inf
1575	0.000000e+00	inf
1576	0.000000e+00	inf
1577	0.000000e+00	inf
1578	0.000000e+00	inf
1579	0.000000e+00	inf
1580	0.000000e+00	inf
1581	0.000000e+00	inf
1582	0.000000e+00	inf
1583	0.000000e+00	inf
1584	0.000000e+00	inf
1585	0.000000e+00	inf
1586	0.000000e+00	inf
1587	0.000000e+00	inf
1588	0.000000e+00	inf
1589	0.000000e+00	inf
1590	0.000000e+00	inf
1591	0.000000e+00	inf
1592	0.000000e+00	inf
1593	0.000000e+00	inf
1594	0.000000e+00	inf
1595	0.000000e+00	inf
1596	0.000000e+00	inf
1597	0.000000e+00	inf
1598	0.000000e+00	inf
1599	0.000000e+00	inf
1600	0.000000e+00	inf
1601	0.000000e+00	inf
1602	0.000000e+00	inf
1603	0.000000e+00	inf
1604	0.000000e+00	inf
1605	0.000000e+00	inf
1606	0.000000e+00	inf
1607	0.000000e+00	inf
1608	0.000000e+00	inf
1609	0.000000e+00	inf
1610	0.000000e+00	inf
1611	0.000000e+00	inf
1612	0.000000e+00	inf
1613	0.000000e+00	inf
1614	0.000000e+00	inf
1615	0.000000e+00	inf
1616	0.000000e+00	inf
1617	0.000000e+00	inf
1618	0.000000e+00	inf
1619	0.000000e+00	inf
1620	0.000000e+00	inf
1621	0.000000e+00	inf
1622	0.000000e+00	inf
1623	0.000000e+00	inf
1624	0.000000e+00	inf
1625	0.000000e+00	inf
1626	0.000000e+00	inf
1627	0.000000e+00	inf
1628	0.000000e+00	inf
1629	0.000000e+00	inf
1630	0.000000e+00	inf
1631	0.000000e+00	inf
1632	0.000000e+00	inf
1633	0.000000e+00	inf
1634	0.000000e+00	inf
1635	0.000000e+00	inf
1636	0.000000e+00	inf
1637	0.000000e+00	inf
1638	0.000000e+00	inf
1639	0.000000e+00	inf
1640	0.000000e+00	inf
1641	0.000000e+00	inf
1642	0.000000e+00	inf
1643	0.000000e+00	inf
1644	0.000000e+00	inf
1645	0.000000e+00	inf
1646	0.000000e+00	inf
1647	0.000000e+00	inf
1648	0.000000e+00	inf
1649	0.000000e+00	inf
1650	0.000000e+00	inf
1651	0.000000e+00	inf
1652	0.000000e+00	inf
1653	0.000000e+00	inf
1654	0.000000e+00	inf
1655	0.000000e+00	inf
1656	0.000000e+00	inf
1657	0.000000e+00	inf
1658	0.000000e+00	inf
1659	0.000000e+00	inf
1660	0.000000e+00	inf
1661	0.000000e+00	inf
1662	0.000000e+00	inf
1663	0.000000e+00	inf
1664	0.000000e+00	inf
1665	0.000000e+00	inf
1666	0.000000e+00	inf
1667	0.000000e+00	inf
1668	0.000000e+00	inf
1669	0.000000e+00	inf
1670	0.000000e+00	inf
1671	0.000000e+00	inf
1672	0.000000e+00	inf
1673	0.000000e+00	inf
1674	0.000000e+00	inf
1675	0.000000e+00	inf
1676	0.000000e+00	inf
1677	0.000000e+00	inf
1678	0.000000e+00	inf
1679	0.000000e+00	inf
1680	0.000000e+00	inf
1681	0.000000e+00	inf
1682	0.000000e+00	inf
1683	0.000000e+00	inf
1684	0.000000e+00	inf
1685	0.000000e+00	inf
1686	0.000000e+00	inf
1687	0.000000e+00	inf
1688	0.000000e+00	inf
1689	0.000000e+00	inf
1690	0.000000e+00	inf
1691	0.000000e+00	inf
1692	0.000000e+00	inf
1693	0.000000e+00	inf
1694	0.000000e+00	inf
1695	0.000000e+00	inf
1696	0.000000e+00	inf
1697	0.000000e+00	inf
1698	0.000000e+00	inf
1699	0.000000e+00	inf
1700	0.000000e+00	inf
1701	0.000000e+00	inf
1702	0.000000e+00	inf
1703	0.000000e+00	inf
1704	0.000000e+00	inf
1705	0.000000e+00	inf
1706	0.000000e+00	inf
1707	0.000000e+00	inf
1708	0.000000e+00	inf
1709	0.000000e+00	inf
1710	0.000000e+00	inf
1711	0.000000e+00	inf
1712	0.000000e+00	inf
1713	0.000000e+00	inf
1714	0.000000e+00	inf
1715	0.000000e+00	inf
1716	0.000000e+00	inf
1717	0.000000e+00	inf
1718	0.000000e+00	inf
1719	0.000000e+00	inf
1720	0.000000e+00	inf
1721	0.000000e+00	inf
1722	0.000000e+00	inf
1723	0.000000e+00	inf
1724	0.000000e+00	inf
1725	0.000000e+00	inf
1726	0.000000e+00	inf
1727	0.000000e+00	inf
1728	0.000000e+00	inf
1729	0.000000e+00	inf
1730	0.000000e+00	inf
1731	0.000000e+00	inf
1732	4.363510e-46	1.044456e+02
1733	0.000000e+00	inf
1734	6.699153e-46	1.040169e+02
1735	8.473136e-46	1.037820e+02
1736	9.799468e-46	1.036366e+02
1737	1.254914e-45	1.033893e+02
1738	0.000000e+00	inf
1739	1.867009e-45	1.029920e+02
1740	4.683341e-45	1.020723e+02
1741	1.992400e-44	1.006244e+02
1742	2.392856e-44	1.004413e+02
1743	4.263231e-44	9.986372e+01
1744	4.767308e-44	9.975196e+01
1745	1.245421e-43	9.879169e+01
1746	2.659099e-43	9.803317e+01
1747	5.121404e-43	9.737773e+01
1748	6.858274e-43	9.708570e+01
1749	9.145318e-43	9.679792e+01
1750	2.239251e-42	9.590243e+01
1751	2.795775e-42	9.568046e+01
1752	6.209897e-42	9.488243e+01
1753	8.322832e-42	9.458957e+01
1754	1.843593e-41	9.379427e+01
1755	2.947504e-41	9.332503e+01
1756	5.934442e-41	9.262522e+01
1757	9.245835e-41	9.218182e+01
1758	1.456209e-40	9.172757e+01
1759	2.867380e-40	9.105001e+01
1760	4.130785e-40	9.068494e+01
1761	7.104960e-40	9.014261e+01
1762	1.249866e-39	8.957778e+01
1763	2.135607e-39	8.904207e+01
1764	3.501972e-39	8.854749e+01
1765	6.099555e-39	8.799260e+01
1766	9.743366e-39	8.752423e+01
1767	1.704569e-38	8.696492e+01
1768	2.769940e-38	8.647941e+01
1769	4.492690e-38	8.599578e+01
1770	7.409609e-38	8.549546e+01
1771	1.229736e-37	8.498885e+01
1772	2.070688e-37	8.446777e+01
1773	3.546060e-37	8.392981e+01
1774	5.621976e-37	8.346897e+01
1775	9.446903e-37	8.294996e+01
1776	1.585030e-36	8.243246e+01
1777	2.590653e-36	8.194115e+01
1778	4.297677e-36	8.143499e+01
1779	6.834272e-36	8.097111e+01
1780	1.155719e-35	8.044576e+01
1781	1.748779e-35	8.003156e+01
1782	2.942632e-35	7.951117e+01
1783	4.713808e-35	7.903998e+01
1784	7.657845e-35	7.855475e+01
1785	1.258596e-34	7.805790e+01
1786	2.095103e-34	7.754829e+01
1787	3.213144e-34	7.712064e+01
1788	5.239195e-34	7.663173e+01
1789	8.510723e-34	7.614657e+01
1790	1.317203e-33	7.570980e+01
1791	2.218223e-33	7.518860e+01
1792	3.464887e-33	7.474263e+01
1793	5.425339e-33	7.429423e+01
1794	9.048548e-33	7.378270e+01
1795	1.365148e-32	7.337146e+01
1796	2.275287e-32	7.286062e+01
1797	3.617391e-32	7.239697e+01
1798	5.486324e-32	7.198046e+01
1799	8.687813e-32	7.152080e+01
1800	1.403705e-31	7.104102e+01
1801	2.314167e-31	7.054109e+01
1802	3.571552e-31	7.010714e+01
1803	5.452530e-31	6.968406e+01
1804	9.021079e-31	6.918057e+01
1805	1.421893e-30	6.872556e+01
1806	2.239939e-30	6.827110e+01
1807	3.431214e-30	6.784464e+01
1808	5.611086e-30	6.735281e+01
1809	8.575061e-30	6.692869e+01
1810	1.393457e-29	6.644318e+01
1811	2.110930e-29	6.602784e+01
1812	3.267825e-29	6.559084e+01
1813	5.050515e-29	6.515548e+01
1814	7.916725e-29	6.470599e+01
1815	1.244577e-28	6.425359e+01
1816	1.813623e-28	6.387706e+01
1817	2.810270e-28	6.343910e+01
1818	4.230393e-28	6.303009e+01
1819	6.910548e-28	6.253933e+01
1820	9.919410e-28	6.217789e+01
1821	1.525016e-27	6.174779e+01
1822	2.366638e-27	6.130833e+01
1823	3.369971e-27	6.095489e+01
1824	5.264069e-27	6.050889e+01
1825	7.968501e-27	6.009430e+01
1826	1.162705e-26	5.971646e+01
1827	1.769904e-26	5.929629e+01
1828	2.717025e-26	5.886767e+01
1829	3.980967e-26	5.848569e+01
1830	5.995888e-26	5.807614e+01
1831	8.523068e-26	5.772444e+01
1832	1.250686e-25	5.734094e+01
1833	1.987250e-25	5.687788e+01
1834	2.775468e-25	5.654381e+01
1835	4.007013e-25	5.617658e+01
1836	6.005869e-25	5.577189e+01
1837	8.055351e-25	5.547829e+01
1838	1.341893e-24	5.496796e+01
1839	1.771068e-24	5.469046e+01
1840	2.720618e-24	5.426118e+01
1841	3.860807e-24	5.391117e+01
1842	5.637770e-24	5.353255e+01
1843	8.261626e-24	5.315042e+01
1844	1.254799e-23	5.273248e+01
1845	1.940080e-23	5.229673e+01
1846	2.675347e-23	5.197538e+01
1847	3.976373e-23	5.157909e+01
1848	5.962037e-23	5.117405e+01
1849	8.408774e-23	5.083018e+01
1850	1.259119e-22	5.042646e+01
1851	1.899656e-22	5.001520e+01
1852	2.648873e-22	4.968274e+01
1853	4.075604e-22	4.925185e+01
1854	6.050968e-22	4.885665e+01
1855	8.780673e-22	4.848432e+01
1856	1.256015e-21	4.812634e+01
1857	1.820559e-21	4.775514e+01
1858	2.711850e-21	4.735666e+01
1859	3.819180e-21	4.701425e+01
1860	5.837997e-21	4.658990e+01
1861	8.350040e-21	4.623202e+01
1862	1.181707e-20	4.588474e+01
1863	1.715090e-20	4.551224e+01
1864	2.560713e-20	4.511142e+01
1865	3.533041e-20	4.478954e+01
1866	5.558593e-20	4.433636e+01
1867	7.562733e-20	4.402847e+01
1868	1.110577e-19	4.364424e+01
1869	1.584064e-19	4.328912e+01
1870	2.297999e-19	4.291708e+01
1871	3.236128e-19	4.257474e+01
1872	4.705499e-19	4.220038e+01
1873	6.677552e-19	4.185037e+01
1874	9.094488e-19	4.154145e+01
1875	1.342227e-18	4.115220e+01
1876	1.967816e-18	4.076961e+01
1877	2.677803e-18	4.046153e+01
1878	3.962567e-18	4.006964e+01
1879	5.475495e-18	3.974625e+01
1880	7.853696e-18	3.938555e+01
1881	1.165051e-17	3.899118e+01
1882	1.572499e-17	3.869128e+01
1883	2.162426e-17	3.837272e+01
1884	3.072705e-17	3.802139e+01
1885	4.178071e-17	3.771410e+01
1886	6.018599e-17	3.734909e+01
1887	8.082213e-17	3.705428e+01
1888	1.142229e-16	3.670838e+01
1889	1.562136e-16	3.639531e+01
1890	1.932240e-16	3.618268e+01
1891	2.919375e-16	3.576999e+01
1892	4.036278e-16	3.544604e+01
1893	5.455826e-16	3.514468e+01
1894	7.386551e-16	3.484170e+01
1895	1.038512e-15	3.450099e+01
1896	1.280151e-15	3.429180e+01
1897	1.788910e-15	3.395717e+01
1898	2.539231e-15	3.360691e+01
1899	3.432103e-15	3.330560e+01
1900	4.625519e-15	3.300719e+01
1901	6.252754e-15	3.270575e+01
1902	8.368714e-15	3.241428e+01
1903	1.134846e-14	3.210969e+01
1904	1.528806e-14	3.181170e+01
1905	1.969884e-14	3.155822e+01
1906	2.714693e-14	3.123751e+01
1907	3.706504e-14	3.092610e+01
1908	4.726366e-14	3.068303e+01
1909	6.208034e-14	3.041035e+01
1910	8.474518e-14	3.009913e+01
1911	1.129151e-13	2.981214e+01
1912	1.484917e-13	2.953825e+01
1913	1.934761e-13	2.927362e+01
1914	2.614569e-13	2.897251e+01
1915	3.279537e-13	2.874590e+01
1916	4.420222e-13	2.844742e+01
1917	5.756818e-13	2.818322e+01
1918	7.336220e-13	2.794078e+01
1919	1.039976e-12	2.759182e+01
1920	1.352054e-12	2.732940e+01
1921	1.738405e-12	2.707805e+01
1922	2.354567e-12	2.677466e+01
1923	2.906745e-12	2.656399e+01
1924	4.044295e-12	2.623371e+01
1925	5.470334e-12	2.593168e+01
1926	7.346683e-12	2.563677e+01
1927	9.839496e-12	2.534462e+01
1928	1.259774e-11	2.509750e+01
1929	1.678775e-11	2.481037e+01
1930	2.294250e-11	2.449803e+01
1931	2.987393e-11	2.423403e+01
1932	4.080748e-11	2.392216e+01
1933	5.522439e-11	2.361962e+01
1934	7.050778e-11	2.337530e+01
1935	9.599642e-11	2.306671e+01
1936	1.268361e-10	2.278813e+01
1937	1.571600e-10	2.257376e+01
1938	2.141106e-10	2.226453e+01
1939	2.682331e-10	2.203916e+01
1940	3.534995e-10	2.176314e+01
1941	4.754905e-10	2.146667e+01
1942	6.185794e-10	2.120360e+01
1943	7.437242e-10	2.101935e+01
1944	1.042403e-09	2.068174e+01
1945	1.304971e-09	2.045708e+01
1946	1.679345e-09	2.020486e+01
1947	2.146555e-09	1.995940e+01
1948	2.732047e-09	1.971821e+01
1949	3.720839e-09	1.940932e+01
1950	4.732868e-09	1.916873e+01
1951	5.762596e-09	1.897188e+01
1952	7.329887e-09	1.873131e+01
1953	9.425096e-09	1.847989e+01
1954	1.175519e-08	1.825897e+01
1955	1.555408e-08	1.797894e+01
1956	1.924791e-08	1.776586e+01
1957	2.406107e-08	1.754267e+01
1958	2.887803e-08	1.736018e+01
1959	3.830166e-08	1.707777e+01
1960	4.679139e-08	1.687757e+01
1961	6.199982e-08	1.659613e+01
1962	6.912213e-08	1.648739e+01
1963	8.743669e-08	1.625235e+01
1964	1.067638e-07	1.605265e+01
1965	1.324477e-07	1.583708e+01
1966	1.625087e-07	1.563253e+01
1967	2.052019e-07	1.539927e+01
1968	2.417588e-07	1.523533e+01
1969	2.903646e-07	1.505213e+01
1970	3.609500e-07	1.483453e+01
1971	4.312159e-07	1.465666e+01
1972	5.565986e-07	1.440142e+01
1973	6.306984e-07	1.427644e+01
1974	7.582546e-07	1.409225e+01
1975	9.268731e-07	1.389145e+01
1976	1.105380e-06	1.371532e+01
1977	1.345227e-06	1.351895e+01
1978	1.578196e-06	1.335923e+01
1979	1.916502e-06	1.316501e+01
1980	2.359858e-06	1.295691e+01
1981	2.852253e-06	1.276740e+01
1982	3.475186e-06	1.256986e+01
1983	3.982980e-06	1.243348e+01
1984	4.691358e-06	1.226979e+01
1985	5.613380e-06	1.209036e+01
1986	6.817900e-06	1.189596e+01
1987	7.894980e-06	1.174928e+01
1988	9.619588e-06	1.155171e+01
1989	1.087117e-05	1.142940e+01
1990	1.356835e-05	1.120777e+01
1991	1.603664e-05	1.104063e+01
1992	1.835618e-05	1.090554e+01
1993	2.160496e-05	1.074259e+01
1994	2.657495e-05	1.053554e+01
1995	2.958456e-05	1.042826e+01
1996	3.530729e-05	1.025142e+01
1997	4.092575e-05	1.010375e+01
1998	4.696406e-05	9.966128e+00
1999	5.455463e-05	9.816308e+00
2000	6.120618e-05	9.701262e+00
2001	7.120624e-05	9.549930e+00
2002	8.573092e-05	9.364297e+00
2003	1.013860e-04	9.196575e+00
2004	1.063504e-04	9.148771e+00
2005	1.286899e-04	8.958105e+00
2006	1.483801e-04	8.815733e+00
2007	1.662945e-04	8.701750e+00
2008	1.756569e-04	8.646978e+00
2009	2.046367e-04	8.494275e+00
2010	2.375682e-04	8.345056e+00
2011	2.608704e-04	8.251487e+00
2012	3.072748e-04	8.087768e+00
2013	3.285167e-04	8.020923e+00
2014	3.740341e-04	7.891164e+00
2015	4.389699e-04	7.731080e+00
2016	4.818077e-04	7.637966e+00
2017	5.285170e-04	7.545436e+00
2018	6.091270e-04	7.403484e+00
2019	6.713448e-04	7.306228e+00
2020	7.662971e-04	7.173941e+00
2021	8.329386e-04	7.090551e+00
2022	9.005201e-04	7.012538e+00
2023	1.062845e-03	6.846806e+00
2024	1.204884e-03	6.721372e+00
2025	1.290682e-03	6.652585e+00
2026	1.422566e-03	6.555293e+00
2027	1.579882e-03	6.450405e+00
2028	1.760033e-03	6.342423e+00
2029	1.932378e-03	6.249004e+00
2030	2.186301e-03	6.125544e+00
2031	2.356752e-03	6.050471e+00
2032	2.615061e-03	5.946468e+00
2033	2.704509e-03	5.912835e+00
2034	3.023435e-03	5.801362e+00
2035	3.123967e-03	5.768652e+00
2036	3.316600e-03	5.708815e+00
2037	3.433556e-03	5.674159e+00
2038	3.535856e-03	5.644800e+00
2039	3.954651e-03	5.532863e+00
2040	4.316230e-03	5.445373e+00
2041	4.356399e-03	5.436110e+00
2042	4.768661e-03	5.345690e+00
2043	4.969598e-03	5.304416e+00
2044	5.283953e-03	5.243081e+00
2045	5.471030e-03	5.208288e+00
2046	5.685871e-03	5.169771e+00
2047	6.056107e-03	5.106688e+00
2048	6.491906e-03	5.037199e+00
2049	6.683257e-03	5.008150e+00
2050	7.232579e-03	4.929160e+00
2051	7.419787e-03	4.903605e+00
2052	8.201975e-03	4.803380e+00
2053	8.425561e-03	4.776485e+00
2054	8.799285e-03	4.733085e+00
2055	9.312723e-03	4.676374e+00
2056	9.741622e-03	4.631348e+00
2057	1.050407e-02	4.555992e+00
2058	1.052191e-02	4.554296e+00
2059	1.080596e-02	4.527657e+00
2060	1.138976e-02	4.475041e+00
2061	1.211064e-02	4.413671e+00
2062	1.197261e-02	4.425134e+00
2063	1.286141e-02	4.353524e+00
2064	1.346503e-02	4.307659e+00
2065	1.308534e-02	4.336263e+00
2066	1.413867e-02	4.258842e+00
2067	1.414885e-02	4.258122e+00
2068	1.452191e-02	4.232097e+00
2069	1.503666e-02	4.197264e+00
2070	1.524905e-02	4.183238e+00
2071	1.508443e-02	4.194092e+00
2072	1.511246e-02	4.192236e+00
2073	1.491601e-02	4.205320e+00
2074	1.546892e-02	4.168923e+00
2075	1.488842e-02	4.207171e+00
2076	1.491838e-02	4.205162e+00
2077	1.480794e-02	4.212592e+00
2078	1.473340e-02	4.217638e+00
2079	1.447178e-02	4.235554e+00
2080	1.448659e-02	4.234532e+00
2081	1.349340e-02	4.305554e+00
2082	1.381755e-02	4.281816e+00
2083	1.340355e-02	4.312236e+00
2084	1.408499e-02	4.262646e+00
2085	1.341634e-02	4.311282e+00
2086	1.324584e-02	4.324072e+00
2087	1.330185e-02	4.319852e+00
2088	1.282426e-02	4.356416e+00
2089	1.339131e-02	4.313149e+00
2090	1.292579e-02	4.348531e+00
2091	1.316664e-02	4.330069e+00
2092	1.298259e-02	4.344146e+00
2093	1.300816e-02	4.342178e+00
2094	1.232004e-02	4.396528e+00
2095	1.291455e-02	4.349401e+00
2096	1.233578e-02	4.395251e+00
2097	1.253128e-02	4.379527e+00
2098	1.214269e-02	4.411028e+00
2099	1.221601e-02	4.405008e+00
2100	1.169957e-02	4.448203e+00
2101	1.188059e-02	4.432850e+00
2102	1.145866e-02	4.469009e+00
2103	1.141474e-02	4.472849e+00
2104	1.116848e-02	4.494660e+00
2105	1.096720e-02	4.512847e+00
2106	1.041648e-02	4.564366e+00
2107	1.032726e-02	4.572968e+00
2108	1.004550e-02	4.600631e+00
2109	9.649704e-03	4.640828e+00
2110	9.181381e-03	4.690578e+00
2111	9.178684e-03	4.690871e+00
2112	8.440169e-03	4.774753e+00
2113	8.483063e-03	4.769684e+00
2114	7.461907e-03	4.897944e+00
2115	7.139504e-03	4.942112e+00
2116	7.030067e-03	4.957559e+00
2117	6.303207e-03	5.066697e+00
2118	6.319492e-03	5.064116e+00
2119	5.465084e-03	5.209376e+00
2120	5.056295e-03	5.287121e+00
2121	4.941383e-03	5.310110e+00
2122	4.614419e-03	5.378569e+00
2123	4.248599e-03	5.461166e+00
2124	4.064618e-03	5.505436e+00
2125	3.942011e-03	5.536064e+00
2126	3.433381e-03	5.674210e+00
2127	3.209019e-03	5.741790e+00
2128	3.076778e-03	5.783872e+00
2129	2.959228e-03	5.822827e+00
2130	2.735107e-03	5.901585e+00
2131	2.578581e-03	5.960516e+00
2132	2.471806e-03	6.002806e+00
2133	2.272672e-03	6.086799e+00
2134	2.194987e-03	6.121579e+00
2135	2.017676e-03	6.205809e+00
2136	1.909379e-03	6.260977e+00
2137	1.809783e-03	6.314548e+00
2138	1.659650e-03	6.401149e+00
2139	1.547368e-03	6.471200e+00
2140	1.434233e-03	6.547125e+00
2141	1.347328e-03	6.609632e+00
2142	1.219008e-03	6.709718e+00
2143	1.176948e-03	6.744830e+00
2144	1.096210e-03	6.815897e+00
2145	9.658245e-04	6.942528e+00
2146	9.074049e-04	7.004922e+00
2147	8.447652e-04	7.076452e+00
2148	7.883471e-04	7.145572e+00
2149	7.211245e-04	7.234699e+00
2150	6.408237e-04	7.352756e+00
2151	5.793874e-04	7.453539e+00
2152	5.173312e-04	7.566827e+00
2153	4.977504e-04	7.605412e+00
2154	4.550792e-04	7.695039e+00
2155	4.131964e-04	7.791588e+00
2156	3.719725e-04	7.896691e+00
2157	3.324096e-04	8.009143e+00
2158	2.778611e-04	8.188389e+00
2159	2.677102e-04	8.225605e+00
2160	2.478971e-04	8.302497e+00
2161	2.032340e-04	8.501153e+00
2162	1.908116e-04	8.564224e+00
2163	1.630312e-04	8.721569e+00
2164	1.541699e-04	8.777456e+00
2165	1.341576e-04	8.916495e+00
2166	1.182656e-04	9.042578e+00
2167	1.067523e-04	9.144999e+00
2168	8.931166e-05	9.323379e+00
2169	8.102377e-05	9.420768e+00
2170	7.424422e-05	9.508151e+00
2171	6.333270e-05	9.667109e+00
2172	5.594074e-05	9.791218e+00
2173	4.836948e-05	9.936641e+00
2174	4.345451e-05	1.004380e+01
2175	3.868587e-05	1.016004e+01
2176	3.331182e-05	1.030960e+01
2177	2.887154e-05	1.045265e+01
2178	2.621526e-05	1.054917e+01
2179	2.304234e-05	1.067818e+01
2180	1.928251e-05	1.085631e+01
2181	1.749208e-05	1.095376e+01
2182	1.468001e-05	1.112902e+01
2183	1.277569e-05	1.126797e+01
2184	1.080803e-05	1.143522e+01
2185	9.703492e-06	1.154302e+01
2186	8.093534e-06	1.172445e+01
2187	7.128663e-06	1.185139e+01
2188	6.262227e-06	1.198097e+01
2189	5.368291e-06	1.213500e+01
2190	4.550929e-06	1.230018e+01
2191	4.063664e-06	1.241343e+01
2192	3.314758e-06	1.261713e+01
2193	2.935835e-06	1.273852e+01
2194	2.462167e-06	1.291447e+01
2195	2.111155e-06	1.306828e+01
2196	1.890242e-06	1.317881e+01
2197	1.583486e-06	1.335588e+01
2198	1.228342e-06	1.360985e+01
2199	1.023158e-06	1.379262e+01
2200	9.195905e-07	1.389934e+01
2201	7.913155e-07	1.404957e+01
2202	6.570329e-07	1.423553e+01
2203	5.760432e-07	1.436708e+01
2204	5.355798e-07	1.443992e+01
2205	4.266180e-07	1.466738e+01
2206	3.861229e-07	1.476711e+01
2207	3.464223e-07	1.487561e+01
2208	2.964303e-07	1.503145e+01
2209	2.668730e-07	1.513649e+01
2210	2.477049e-07	1.521103e+01
2211	2.252275e-07	1.530616e+01
2212	1.849146e-07	1.550337e+01
2213	1.601519e-07	1.564714e+01
2214	1.432402e-07	1.575874e+01
2215	1.332602e-07	1.583096e+01
2216	1.211194e-07	1.592649e+01
2217	1.081373e-07	1.603986e+01
2218	9.576161e-08	1.616140e+01
2219	8.615870e-08	1.626707e+01
2220	7.386259e-08	1.642106e+01
2221	6.643740e-08	1.652701e+01
2222	5.783844e-08	1.666561e+01
2223	5.130328e-08	1.678551e+01
2224	4.796592e-08	1.685278e+01
2225	4.007163e-08	1.703260e+01
2226	3.792612e-08	1.708763e+01
2227	3.408762e-08	1.719433e+01
2228	3.002807e-08	1.732113e+01
2229	2.711216e-08	1.742328e+01
2230	2.489957e-08	1.750842e+01
2231	2.159710e-08	1.765071e+01
2232	2.022298e-08	1.771645e+01
2233	1.757357e-08	1.785687e+01
2234	1.623934e-08	1.793583e+01
2235	1.454740e-08	1.804585e+01
2236	1.339984e-08	1.812802e+01
2237	1.207487e-08	1.823214e+01
2238	1.083365e-08	1.834061e+01
2239	9.681667e-09	1.845303e+01
2240	9.361908e-09	1.848662e+01
2241	8.180281e-09	1.862154e+01
2242	7.116248e-09	1.876089e+01
2243	6.953670e-09	1.878400e+01
2244	6.081584e-09	1.891800e+01
2245	5.785555e-09	1.896790e+01
2246	5.185095e-09	1.907748e+01
2247	4.693403e-09	1.917711e+01
2248	4.261563e-09	1.927363e+01
2249	3.788054e-09	1.939141e+01
2250	3.375380e-09	1.950676e+01
2251	3.042665e-09	1.961053e+01
2252	2.653434e-09	1.974741e+01
2253	2.349942e-09	1.986888e+01
2254	2.132522e-09	1.996596e+01
2255	1.787055e-09	2.014270e+01
2256	1.492079e-09	2.032310e+01
2257	1.279975e-09	2.047643e+01
2258	1.111386e-09	2.061766e+01
2259	9.411428e-10	2.078393e+01
2260	8.087982e-10	2.093547e+01
2261	6.488939e-10	2.115575e+01
2262	5.486103e-10	2.132363e+01
2263	4.369666e-10	2.155116e+01
2264	3.758548e-10	2.170182e+01
2265	3.119198e-10	2.188827e+01
2266	2.657588e-10	2.204843e+01
2267	2.283070e-10	2.220033e+01
2268	1.892291e-10	2.238806e+01
2269	1.606847e-10	2.255158e+01
2270	1.275581e-10	2.278245e+01
2271	1.064865e-10	2.296300e+01
2272	8.931913e-11	2.313881e+01
2273	7.431851e-11	2.332266e+01
2274	6.129687e-11	2.351529e+01
2275	5.154945e-11	2.368848e+01
2276	4.341537e-11	2.386021e+01
2277	3.516785e-11	2.407089e+01
2278	2.891012e-11	2.426683e+01
2279	2.386230e-11	2.445872e+01
2280	2.029311e-11	2.462074e+01
2281	1.674346e-11	2.481301e+01
2282	1.367346e-11	2.501556e+01
2283	1.119940e-11	2.521516e+01
2284	9.059274e-12	2.542723e+01
2285	7.613552e-12	2.560109e+01
2286	6.013327e-12	2.583704e+01
2287	4.981071e-12	2.602538e+01
2288	4.165554e-12	2.620417e+01
2289	3.241243e-12	2.645506e+01
2290	2.681610e-12	2.664460e+01
2291	1.940992e-12	2.696782e+01
2292	1.689108e-12	2.710682e+01
2293	1.266460e-12	2.739480e+01
2294	1.016958e-12	2.761421e+01
2295	8.576001e-13	2.778464e+01
2296	6.768128e-13	2.802138e+01
2297	5.455779e-13	2.823693e+01
2298	4.189535e-13	2.850102e+01
2299	3.188128e-13	2.877417e+01
2300	2.584767e-13	2.898397e+01
2301	2.066944e-13	2.920753e+01
2302	1.724383e-13	2.938874e+01
2303	1.294763e-13	2.967528e+01
2304	1.076463e-13	2.985993e+01
2305	8.605988e-14	3.008373e+01
2306	7.040684e-14	3.028449e+01
2307	5.515959e-14	3.052855e+01
2308	4.385056e-14	3.075799e+01
2309	3.654143e-14	3.094033e+01
2310	2.780772e-14	3.121346e+01
2311	2.234469e-14	3.143219e+01
2312	1.727562e-14	3.168948e+01
2313	1.393593e-14	3.190431e+01
2314	1.020318e-14	3.221608e+01
2315	8.989870e-15	3.234268e+01
2316	7.101832e-15	3.257842e+01
2317	5.633656e-15	3.281002e+01
2318	4.493303e-15	3.303619e+01
2319	3.507948e-15	3.328375e+01
2320	2.889940e-15	3.347754e+01
2321	2.208118e-15	3.374664e+01
2322	1.727465e-15	3.399212e+01
2323	1.383060e-15	3.421448e+01
2324	1.193748e-15	3.436168e+01
2325	8.967786e-16	3.464772e+01
2326	6.892763e-16	3.491089e+01
2327	5.730473e-16	3.509556e+01
2328	4.740184e-16	3.528529e+01
2329	3.646917e-16	3.554748e+01
2330	2.884172e-16	3.578212e+01
2331	2.310597e-16	3.600386e+01
2332	1.727596e-16	3.629463e+01
2333	1.362144e-16	3.653230e+01
2334	1.056974e-16	3.678595e+01
2335	8.660188e-17	3.698521e+01
2336	6.717205e-17	3.723927e+01
2337	5.434311e-17	3.745121e+01
2338	4.085890e-17	3.773641e+01
2339	3.266248e-17	3.796030e+01
2340	2.578360e-17	3.819679e+01
2341	2.040171e-17	3.843091e+01
2342	1.676303e-17	3.862736e+01
2343	1.297944e-17	3.888316e+01
2344	1.017573e-17	3.912653e+01
2345	8.017479e-18	3.936491e+01
2346	6.586770e-18	3.956147e+01
2347	4.980050e-18	3.984109e+01
2348	4.270797e-18	3.999473e+01
2349	3.271006e-18	4.026143e+01
2350	2.479980e-18	4.053828e+01
2351	2.090617e-18	4.070907e+01
2352	1.781406e-18	4.086913e+01
2353	1.293598e-18	4.118910e+01
2354	1.063250e-18	4.138520e+01
2355	8.380720e-19	4.162318e+01
2356	6.760980e-19	4.183795e+01
2357	5.747549e-19	4.200034e+01
2358	4.509730e-19	4.224288e+01
2359	3.530137e-19	4.248778e+01
2360	2.834866e-19	4.270712e+01
2361	2.332265e-19	4.290228e+01
2362	1.969832e-19	4.307117e+01
2363	1.623871e-19	4.326430e+01
2364	1.314186e-19	4.347590e+01
2365	1.029303e-19	4.372023e+01
2366	8.919669e-20	4.386344e+01
2367	6.955949e-20	4.411210e+01
2368	5.939100e-20	4.427014e+01
2369	4.673950e-20	4.450970e+01
2370	3.979319e-20	4.467059e+01
2371	3.300179e-20	4.485773e+01
2372	2.716121e-20	4.505250e+01
2373	2.293735e-20	4.522152e+01
2374	1.865710e-20	4.542806e+01
2375	1.541018e-20	4.561926e+01
2376	1.267948e-20	4.581430e+01
2377	1.052340e-20	4.600069e+01
2378	8.972575e-21	4.616011e+01
2379	7.385236e-21	4.635480e+01
2380	6.286015e-21	4.651596e+01
2381	5.149085e-21	4.671547e+01
2382	4.285531e-21	4.689904e+01
2383	3.663090e-21	4.705598e+01
2384	2.898378e-21	4.729014e+01
2385	2.433566e-21	4.746493e+01
2386	2.060276e-21	4.763145e+01
2387	1.722950e-21	4.781025e+01
2388	1.459250e-21	4.797636e+01
2389	1.189963e-21	4.818036e+01
2390	8.903077e-22	4.847048e+01
2391	7.456016e-22	4.864785e+01
2392	6.278148e-22	4.881980e+01
2393	4.939585e-22	4.905959e+01
2394	4.168350e-22	4.922935e+01
2395	3.019097e-22	4.955191e+01
2396	2.573532e-22	4.971159e+01
2397	2.181924e-22	4.987667e+01
2398	1.707880e-22	5.012162e+01
2399	1.599747e-22	5.018703e+01
2400	1.189368e-22	5.048345e+01
2401	9.604839e-23	5.069719e+01
2402	8.524857e-23	5.081647e+01
2403	6.878031e-23	5.103112e+01
2404	6.018258e-23	5.116466e+01
2405	5.097917e-23	5.133063e+01
2406	4.242551e-23	5.151429e+01
2407	3.575251e-23	5.168542e+01
2408	3.102722e-23	5.182718e+01
2409	2.589439e-23	5.200802e+01
2410	2.224264e-23	5.216003e+01
2411	1.919605e-23	5.230734e+01
2412	1.655230e-23	5.245552e+01
2413	1.438775e-23	5.259566e+01
2414	1.284624e-23	5.270899e+01
2415	1.073744e-23	5.288831e+01
2416	9.184234e-24	5.304455e+01
2417	7.661045e-24	5.322589e+01
2418	6.766496e-24	5.335006e+01
2419	5.718929e-24	5.351826e+01
2420	4.892425e-24	5.367435e+01
2421	4.217251e-24	5.382286e+01
2422	3.645373e-24	5.396858e+01
2423	3.029938e-24	5.415350e+01
2424	2.596208e-24	5.430799e+01
2425	2.327812e-24	5.441711e+01
2426	2.024412e-24	5.455676e+01
2427	1.736810e-24	5.470999e+01
2428	1.473568e-24	5.487436e+01
2429	1.281768e-24	5.501380e+01
2430	1.119460e-24	5.514920e+01
2431	9.651132e-25	5.529755e+01
2432	8.313209e-25	5.544678e+01
2433	7.141726e-25	5.559867e+01
2434	6.162677e-25	5.574612e+01
2435	5.224864e-25	5.591120e+01
2436	4.387657e-25	5.608583e+01
2437	3.559139e-25	5.629511e+01
2438	2.913578e-25	5.649525e+01
2439	2.294756e-25	5.673400e+01
2440	1.833191e-25	5.695857e+01
2441	1.470355e-25	5.717912e+01
2442	1.097048e-25	5.747200e+01
2443	8.901943e-26	5.768094e+01
2444	6.623077e-26	5.797665e+01
2445	5.097794e-26	5.823840e+01
2446	3.633071e-26	5.857713e+01
2447	2.846523e-26	5.882111e+01
2448	2.069181e-26	5.914006e+01
2449	1.532979e-26	5.944000e+01
2450	1.120067e-26	5.975382e+01
2451	8.256517e-27	6.005879e+01
2452	6.429240e-27	6.030894e+01
2453	4.770087e-27	6.060743e+01
2454	3.471351e-27	6.092525e+01
2455	2.599924e-27	6.121432e+01
2456	1.973577e-27	6.148995e+01
2457	1.385291e-27	6.184389e+01
2458	1.013216e-27	6.215667e+01
2459	7.553109e-28	6.245042e+01
2460	5.825678e-28	6.271011e+01
2461	4.190782e-28	6.303950e+01
2462	3.188454e-28	6.331285e+01
2463	2.279828e-28	6.364828e+01
2464	1.728858e-28	6.392492e+01
2465	1.237443e-28	6.425934e+01
2466	9.382376e-29	6.453613e+01
2467	6.651814e-29	6.488008e+01
2468	4.905011e-29	6.518471e+01
2469	3.754748e-29	6.545195e+01
2470	2.727321e-29	6.577165e+01
2471	2.066550e-29	6.604909e+01
2472	1.434352e-29	6.641425e+01
2473	1.130303e-29	6.665248e+01
2474	7.690173e-30	6.703761e+01
2475	6.181578e-30	6.725598e+01
2476	4.371139e-30	6.760253e+01
2477	3.350505e-30	6.786844e+01
2478	2.478109e-30	6.817006e+01
2479	1.887496e-30	6.844230e+01
2480	1.459592e-30	6.869940e+01
2481	1.007112e-30	6.907047e+01
2482	7.792808e-31	6.932694e+01
2483	5.654187e-31	6.964774e+01
2484	4.206850e-31	6.994342e+01
2485	3.035795e-31	7.026966e+01
2486	2.432785e-31	7.049110e+01
2487	1.851424e-31	7.076418e+01
2488	1.402296e-31	7.104203e+01
2489	9.936262e-32	7.138653e+01
2490	7.702636e-32	7.164116e+01
2491	5.490097e-32	7.197978e+01
2492	4.371529e-32	7.220761e+01
2493	3.132016e-32	7.254105e+01
2494	2.257536e-32	7.286845e+01
2495	1.709847e-32	7.314632e+01
2496	1.332581e-32	7.339561e+01
2497	9.837090e-33	7.369915e+01
2498	7.280200e-33	7.400015e+01
2499	5.345043e-33	7.430914e+01
2500	3.850295e-33	7.463716e+01
2501	3.063352e-33	7.486580e+01
2502	2.102442e-33	7.524221e+01
2503	1.600917e-33	7.551473e+01
2504	1.207916e-33	7.579641e+01
2505	9.213272e-34	7.606725e+01
2506	6.659348e-34	7.639187e+01
2507	4.839952e-34	7.671099e+01
2508	3.606388e-34	7.700519e+01
2509	2.606989e-34	7.732970e+01
2510	2.002572e-34	7.759346e+01
2511	1.477331e-34	7.789766e+01
2512	1.067985e-34	7.822212e+01
2513	7.735899e-35	7.854461e+01
2514	5.879813e-35	7.881895e+01
2515	4.309061e-35	7.912976e+01
2516	3.188096e-35	7.943105e+01
2517	2.371727e-35	7.972686e+01
2518	1.637969e-35	8.009702e+01
2519	1.285611e-35	8.033924e+01
2520	9.092569e-36	8.068561e+01
2521	6.170112e-36	8.107335e+01
2522	4.832778e-36	8.131764e+01
2523	3.149518e-36	8.174581e+01
2524	2.335385e-36	8.204489e+01
2525	1.487578e-36	8.249591e+01
2526	1.397999e-36	8.255802e+01
2527	9.943236e-37	8.289876e+01
2528	6.462456e-37	8.332964e+01
2529	5.335197e-37	8.352132e+01
2530	3.709293e-37	8.388481e+01
2531	2.778399e-37	8.417377e+01
2532	2.218248e-37	8.439893e+01
2533	1.846203e-37	8.458252e+01
2534	1.396080e-37	8.486198e+01
2535	1.104664e-37	8.509611e+01
2536	8.143182e-38	8.540105e+01
2537	6.138408e-38	8.568367e+01
2538	4.808571e-38	8.592783e+01
2539	3.824210e-38	8.615688e+01
2540	2.991947e-38	8.640231e+01
2541	2.291314e-38	8.666911e+01
2542	1.728911e-38	8.695074e+01
2543	1.395751e-38	8.716480e+01
2544	1.062989e-38	8.743715e+01
2545	8.139635e-39	8.770407e+01
2546	6.508251e-39	8.792775e+01
2547	4.862526e-39	8.821926e+01
2548	3.809197e-39	8.846340e+01
2549	2.901440e-39	8.873561e+01
2550	2.270374e-39	8.898087e+01
2551	1.641809e-39	8.930502e+01
2552	1.313125e-39	8.952841e+01
2553	1.006522e-39	8.979432e+01
2554	7.904706e-40	9.003595e+01
2555	5.720192e-40	9.035940e+01
2556	4.695967e-40	9.055670e+01
2557	3.591258e-40	9.082490e+01
2558	2.783538e-40	9.107968e+01
2559	2.173503e-40	9.132706e+01
2560	1.654312e-40	9.160002e+01
2561	1.231747e-40	9.189497e+01
2562	9.857995e-41	9.211771e+01
2563	7.349094e-41	9.241141e+01
2564	5.998385e-41	9.261450e+01
2565	4.354025e-41	9.293489e+01
2566	3.522969e-41	9.314668e+01
2567	2.659799e-41	9.342774e+01
2568	2.038582e-41	9.369373e+01
2569	1.452076e-41	9.403299e+01
2570	1.202983e-41	9.422118e+01
2571	9.210579e-42	9.448822e+01
2572	7.064575e-42	9.475348e+01
2573	5.446609e-42	9.501358e+01
2574	4.333151e-42	9.524228e+01
2575	3.123785e-42	9.556953e+01
2576	2.537971e-42	9.577721e+01
2577	1.949436e-42	9.604103e+01
2578	1.359659e-42	9.640134e+01
2579	1.222800e-42	9.650743e+01
2580	8.595849e-43	9.685988e+01
2581	7.167916e-43	9.704154e+01
2582	5.136942e-43	9.737470e+01
2583	3.885078e-43	9.765402e+01
2584	2.790162e-43	9.798506e+01
2585	2.441388e-43	9.811859e+01
2586	1.662167e-43	9.850304e+01
2587	1.456448e-43	9.863516e+01
2588	9.453535e-44	9.906736e+01
2589	8.446583e-44	9.917998e+01
2590	5.763013e-44	9.956228e+01
2591	4.018423e-44	9.992285e+01
2592	3.364116e-44	1.001006e+02
2593	2.414989e-44	1.004320e+02
2594	2.388998e-44	1.004429e+02
2595	8.848977e-45	1.014360e+02
2596	9.925190e-45	1.013213e+02
2597	6.476634e-45	1.017481e+02
2598	5.749462e-45	1.018672e+02
2599	3.161423e-45	1.024653e+02
2600	6.305501e-45	1.017749e+02
2601	3.159047e-45	1.024661e+02
2602	0.000000e+00	inf
2603	3.239685e-45	1.024409e+02
2604	1.975409e-45	1.029356e+02
