0	0.000000e+00	inf
1	0.000000e+00	inf
2	0.000000e+00	inf
3	0.000000e+00	inf
4	0.000000e+00	inf
5	0.000000e+00	inf
6	0.000000e+00	inf
7	0.000000e+00	inf
8	0.000000e+00	inf
9	0.000000e+00	inf
10	0.000000e+00	inf
11	0.000000e+00	inf
12	0.000000e+00	inf
13	0.000000e+00	inf
14	0.000000e+00	inf
15	0.000000e+00	inf
16	0.000000e+00	inf
17	0.000000e+00	inf
18	0.000000e+00	inf
19	0.000000e+00	inf
20	0.000000e+00	inf
21	0.000000e+00	inf
22	0.000000e+00	inf
23	0.000000e+00	inf
24	0.000000e+00	inf
25	0.000000e+00	inf
26	0.000000e+00	inf
27	0.000000e+00	inf
28	0.000000e+00	inf
29	0.000000e+00	inf
30	0.000000e+00	inf
31	0.000000e+00	inf
32	0.000000e+00	inf
33	0.000000e+00	inf
34	0.000000e+00	inf
35	0.000000e+00	inf
36	0.000000e+00	inf
37	0.000000e+00	inf
38	0.000000e+00	inf
39	0.000000e+00	inf
40	0.000000e+00	inf
41	0.000000e+00	inf
42	0.000000e+00	inf
43	0.000000e+00	inf
44	0.000000e+00	inf
45	0.000000e+00	inf
46	0.000000e+00	inf
47	0.000000e+00	inf
48	0.000000e+00	inf
49	0.000000e+00	inf
50	0.000000e+00	inf
51	0.000000e+00	inf
52	0.000000e+00	inf
53	0.000000e+00	inf
54	0.000000e+00	inf
55	0.000000e+00	inf
56	0.000000e+00	inf
57	0.000000e+00	inf
58	0.000000e+00	inf
59	0.000000e+00	inf
60	0.000000e+00	inf
61	0.000000e+00	inf
62	0.000000e+00	inf
63	0.000000e+00	inf
64	0.000000e+00	inf
65	0.000000e+00	inf
66	0.000000e+00	inf
67	0.000000e+00	inf
68	0.000000e+00	inf
69	0.000000e+00	inf
70	0.000000e+00	inf
71	0.000000e+00	inf
72	0.000000e+00	inf
73	0.000000e+00	inf
74	0.000000e+00	inf
75	0.000000e+00	inf
76	0.000000e+00	inf
77	0.000000e+00	inf
78	0.000000e+00	inf
79	0.000000e+00	inf
80	0.000000e+00	inf
81	0.000000e+00	inf
82	0.000000e+00	inf
83	0.000000e+00	inf
84	0.000000e+00	inf
85	0.000000e+00	inf
86	0.000000e+00	inf
87	0.000000e+00	inf
88	0.000000e+00	inf
89	0.000000e+00	inf
90	0.000000e+00	inf
91	0.000000e+00	inf
92	0.000000e+00	inf
93	0.000000e+00	inf
94	0.000000e+00	inf
95	0.000000e+00	inf
96	0.000000e+00	inf
97	0.000000e+00	inf
98	0.000000e+00	inf
99	0.000000e+00	inf
100	0.000000e+00	inf
101	0.000000e+00	inf
102	0.000000e+00	inf
103	0.000000e+00	inf
104	0.000000e+00	inf
105	0.000000e+00	inf
106	0.000000e+00	inf
107	0.000000e+00	inf
108	0.000000e+00	inf
109	0.000000e+00	inf
110	0.000000e+00	inf
111	0.000000e+00	inf
112	0.000000e+00	inf
113	0.000000e+00	inf
114	0.000000e+00	inf
115	0.000000e+00	inf
116	0.000000e+00	inf
117	0.000000e+00	inf
118	0.000000e+00	inf
119	0.000000e+00	inf
120	0.000000e+00	inf
121	0.000000e+00	inf
122	0.000000e+00	inf
123	0.000000e+00	inf
124	0.000000e+00	inf
125	0.000000e+00	inf
126	0.000000e+00	inf
127	0.000000e+00	inf
128	0.000000e+00	inf
129	0.000000e+00	inf
130	0.000000e+00	inf
131	0.000000e+00	inf
132	0.000000e+00	inf
133	0.000000e+00	inf
134	0.000000e+00	inf
135	0.000000e+00	inf
136	0.000000e+00	inf
137	0.000000e+00	inf
138	0.000000e+00	inf
139	0.000000e+00	inf
140	0.000000e+00	inf
141	0.000000e+00	inf
142	0.000000e+00	inf
143	0.000000e+00	inf
144	0.000000e+00	inf
145	0.000000e+00	inf
146	0.000000e+00	inf
147	0.000000e+00	inf
148	0.000000e+00	inf
149	0.000000e+00	inf
150	0.000000e+00	inf
151	0.000000e+00	inf
152	0.000000e+00	inf
153	0.000000e+00	inf
154	0.000000e+00	inf
155	0.000000e+00	inf
156	0.000000e+00	inf
157	0.000000e+00	inf
158	0.000000e+00	inf
159	0.000000e+00	inf
160	0.000000e+00	inf
161	0.000000e+00	inf
162	0.000000e+00	inf
163	0.000000e+00	inf
164	0.000000e+00	inf
165	0.000000e+00	inf
166	0.000000e+00	inf
167	0.000000e+00	inf
168	0.000000e+00	inf
169	0.000000e+00	inf
170	0.000000e+00	inf
171	0.000000e+00	inf
172	0.000000e+00	inf
173	0.000000e+00	inf
174	0.000000e+00	inf
175	0.000000e+00	inf
176	0.000000e+00	inf
177	0.000000e+00	inf
178	0.000000e+00	inf
179	0.000000e+00	inf
180	0.000000e+00	inf
181	0.000000e+00	inf
182	0.000000e+00	inf
183	0.000000e+00	inf
184	0.000000e+00	inf
185	0.000000e+00	inf
186	0.000000e+00	inf
187	0.000000e+00	inf
188	0.000000e+00	inf
189	0.000000e+00	inf
190	0.000000e+00	inf
191	0.000000e+00	inf
192	0.000000e+00	inf
193	0.000000e+00	inf
194	0.000000e+00	inf
195	0.000000e+00	inf
196	0.000000e+00	inf
197	0.000000e+00	inf
198	0.000000e+00	inf
199	0.000000e+00	inf
200	0.000000e+00	inf
201	0.000000e+00	inf
202	0.000000e+00	inf
203	0.000000e+00	inf
204	0.000000e+00	inf
205	0.000000e+00	inf
206	0.000000e+00	inf
207	0.000000e+00	inf
208	0.000000e+00	inf
209	0.000000e+00	inf
210	0.000000e+00	inf
211	0.000000e+00	inf
212	0.000000e+00	inf
213	0.000000e+00	inf
214	0.000000e+00	inf
215	0.000000e+00	inf
216	0.000000e+00	inf
217	0.000000e+00	inf
218	0.000000e+00	inf
219	0.000000e+00	inf
220	0.000000e+00	inf
221	0.000000e+00	inf
222	0.000000e+00	inf
223	0.000000e+00	inf
224	0.000000e+00	inf
225	0.000000e+00	inf
226	0.000000e+00	inf
227	0.000000e+00	inf
228	0.000000e+00	inf
229	0.000000e+00	inf
230	0.000000e+00	inf
231	0.000000e+00	inf
232	0.000000e+00	inf
233	0.000000e+00	inf
234	0.000000e+00	inf
235	0.000000e+00	inf
236	0.000000e+00	inf
237	0.000000e+00	inf
238	0.000000e+00	inf
239	0.000000e+00	inf
240	0.000000e+00	inf
241	0.000000e+00	inf
242	0.000000e+00	inf
243	0.000000e+00	inf
244	0.000000e+00	inf
245	0.000000e+00	inf
246	0.000000e+00	inf
247	0.000000e+00	inf
248	0.000000e+00	inf
249	0.000000e+00	inf
250	0.000000e+00	inf
251	0.000000e+00	inf
252	0.000000e+00	inf
253	0.000000e+00	inf
254	0.000000e+00	inf
255	0.000000e+00	inf
256	0.000000e+00	inf
257	0.000000e+00	inf
258	0.000000e+00	inf
259	0.000000e+00	inf
260	0.000000e+00	inf
261	0.000000e+00	inf
262	0.000000e+00	inf
263	0.000000e+00	inf
264	0.000000e+00	inf
265	0.000000e+00	inf
266	0.000000e+00	inf
267	0.000000e+00	inf
268	0.000000e+00	inf
269	0.000000e+00	inf
270	0.000000e+00	inf
271	0.000000e+00	inf
272	0.000000e+00	inf
273	0.000000e+00	inf
274	0.000000e+00	inf
275	0.000000e+00	inf
276	0.000000e+00	inf
277	0.000000e+00	inf
278	0.000000e+00	inf
279	0.000000e+00	inf
280	0.000000e+00	inf
281	0.000000e+00	inf
282	0.000000e+00	inf
283	0.000000e+00	inf
284	0.000000e+00	inf
285	0.000000e+00	inf
286	0.000000e+00	inf
287	0.000000e+00	inf
288	0.000000e+00	inf
289	0.000000e+00	inf
290	0.000000e+00	inf
291	0.000000e+00	inf
292	0.000000e+00	inf
293	0.000000e+00	inf
294	0.000000e+00	inf
295	0.000000e+00	inf
296	0.000000e+00	inf
297	0.000000e+00	inf
298	0.000000e+00	inf
299	0.000000e+00	inf
300	0.000000e+00	inf
301	0.000000e+00	inf
302	0.000000e+00	inf
303	0.000000e+00	inf
304	0.000000e+00	inf
305	0.000000e+00	inf
306	0.000000e+00	inf
307	0.000000e+00	inf
308	0.000000e+00	inf
309	0.000000e+00	inf
310	0.000000e+00	inf
311	0.000000e+00	inf
312	0.000000e+00	inf
313	0.000000e+00	inf
314	0.000000e+00	inf
315	0.000000e+00	inf
316	0.000000e+00	inf
317	0.000000e+00	inf
318	0.000000e+00	inf
319	0.000000e+00	inf
320	0.000000e+00	inf
321	0.000000e+00	inf
322	0.000000e+00	inf
323	0.000000e+00	inf
324	0.000000e+00	inf
325	0.000000e+00	inf
326	0.000000e+00	inf
327	0.000000e+00	inf
328	0.000000e+00	inf
329	0.000000e+00	inf
330	0.000000e+00	inf
331	0.000000e+00	inf
332	0.000000e+00	inf
333	0.000000e+00	inf
334	0.000000e+00	inf
335	0.000000e+00	inf
336	0.000000e+00	inf
337	0.000000e+00	inf
338	0.000000e+00	inf
339	0.000000e+00	inf
340	0.000000e+00	inf
341	0.000000e+00	inf
342	0.000000e+00	inf
343	0.000000e+00	inf
344	0.000000e+00	inf
345	0.000000e+00	inf
346	0.000000e+00	inf
347	0.000000e+00	inf
348	0.000000e+00	inf
349	0.000000e+00	inf
350	0.000000e+00	inf
351	0.000000e+00	inf
352	0.000000e+00	inf
353	0.000000e+00	inf
354	0.000000e+00	inf
355	0.000000e+00	inf
356	0.000000e+00	inf
357	0.000000e+00	inf
358	0.000000e+00	inf
359	0.000000e+00	inf
360	0.000000e+00	inf
361	0.000000e+00	inf
362	0.000000e+00	inf
363	0.000000e+00	inf
364	0.000000e+00	inf
365	0.000000e+00	inf
366	0.000000e+00	inf
367	0.000000e+00	inf
368	0.000000e+00	inf
369	0.000000e+00	inf
370	0.000000e+00	inf
371	0.000000e+00	inf
372	0.000000e+00	inf
373	0.000000e+00	inf
374	0.000000e+00	inf
375	0.000000e+00	inf
376	0.000000e+00	inf
377	0.000000e+00	inf
378	0.000000e+00	inf
379	0.000000e+00	inf
380	0.000000e+00	inf
381	0.000000e+00	inf
382	0.000000e+00	inf
383	0.000000e+00	inf
384	0.000000e+00	inf
385	0.000000e+00	inf
386	0.000000e+00	inf
387	0.000000e+00	inf
388	0.000000e+00	inf
389	0.000000e+00	inf
390	0.000000e+00	inf
391	0.000000e+00	inf
392	0.000000e+00	inf
393	0.000000e+00	inf
394	0.000000e+00	inf
395	0.000000e+00	inf
396	0.000000e+00	inf
397	0.000000e+00	inf
398	0.000000e+00	inf
399	0.000000e+00	inf
400	0.000000e+00	inf
401	0.000000e+00	inf
402	0.000000e+00	inf
403	0.000000e+00	inf
404	0.000000e+00	inf
405	0.000000e+00	inf
406	0.000000e+00	inf
407	0.000000e+00	inf
408	0.000000e+00	inf
409	0.000000e+00	inf
410	0.000000e+00	inf
411	0.000000e+00	inf
412	0.000000e+00	inf
413	0.000000e+00	inf
414	0.000000e+00	inf
415	0.000000e+00	inf
416	0.000000e+00	inf
417	0.000000e+00	inf
418	0.000000e+00	inf
419	0.000000e+00	inf
420	0.000000e+00	inf
421	0.000000e+00	inf
422	0.000000e+00	inf
423	0.000000e+00	inf
424	0.000000e+00	inf
425	0.000000e+00	inf
426	0.000000e+00	inf
427	0.000000e+00	inf
428	0.000000e+00	inf
429	0.000000e+00	inf
430	0.000000e+00	inf
431	0.000000e+00	inf
432	0.000000e+00	inf
433	0.000000e+00	inf
434	0.000000e+00	inf
435	0.000000e+00	inf
436	0.000000e+00	inf
437	0.000000e+00	inf
438	0.000000e+00	inf
439	0.000000e+00	inf
440	0.000000e+00	inf
441	0.000000e+00	inf
442	0.000000e+00	inf
443	0.000000e+00	inf
444	0.000000e+00	inf
445	0.000000e+00	inf
446	0.000000e+00	inf
447	0.000000e+00	inf
448	0.000000e+00	inf
449	0.000000e+00	inf
450	0.000000e+00	inf
451	0.000000e+00	inf
452	0.000000e+00	inf
453	0.000000e+00	inf
454	0.000000e+00	inf
455	0.000000e+00	inf
456	0.000000e+00	inf
457	0.000000e+00	inf
458	0.000000e+00	inf
459	0.000000e+00	inf
460	0.000000e+00	inf
461	0.000000e+00	inf
462	0.000000e+00	inf
463	0.000000e+00	inf
464	0.000000e+00	inf
465	0.000000e+00	inf
466	0.000000e+00	inf
467	0.000000e+00	inf
468	0.000000e+00	inf
469	0.000000e+00	inf
470	0.000000e+00	inf
471	0.000000e+00	inf
472	0.000000e+00	inf
473	0.000000e+00	inf
474	0.000000e+00	inf
475	0.000000e+00	inf
476	0.000000e+00	inf
477	0.000000e+00	inf
478	0.000000e+00	inf
479	0.000000e+00	inf
480	0.000000e+00	inf
481	0.000000e+00	inf
482	0.000000e+00	inf
483	0.000000e+00	inf
484	0.000000e+00	inf
485	0.000000e+00	inf
486	0.000000e+00	inf
487	0.000000e+00	inf
488	0.000000e+00	inf
489	0.000000e+00	inf
490	0.000000e+00	inf
491	0.000000e+00	inf
492	0.000000e+00	inf
493	0.000000e+00	inf
494	0.000000e+00	inf
495	0.000000e+00	inf
496	0.000000e+00	inf
497	0.000000e+00	inf
498	0.000000e+00	inf
499	0.000000e+00	inf
500	0.000000e+00	inf
501	0.000000e+00	inf
502	0.000000e+00	inf
503	0.000000e+00	inf
504	0.000000e+00	inf
505	0.000000e+00	inf
506	0.000000e+00	inf
507	0.000000e+00	inf
508	0.000000e+00	inf
509	0.000000e+00	inf
510	0.000000e+00	inf
511	0.000000e+00	inf
512	0.000000e+00	inf
513	0.000000e+00	inf
514	0.000000e+00	inf
515	0.000000e+00	inf
516	0.000000e+00	inf
517	0.000000e+00	inf
518	0.000000e+00	inf
519	0.000000e+00	inf
520	0.000000e+00	inf
521	0.000000e+00	inf
522	0.000000e+00	inf
523	0.000000e+00	inf
524	0.000000e+00	inf
525	0.000000e+00	inf
526	0.000000e+00	inf
527	0.000000e+00	inf
528	0.000000e+00	inf
529	0.000000e+00	inf
530	0.000000e+00	inf
531	0.000000e+00	inf
532	0.000000e+00	inf
533	0.000000e+00	inf
534	0.000000e+00	inf
535	0.000000e+00	inf
536	0.000000e+00	inf
537	0.000000e+00	inf
538	0.000000e+00	inf
539	0.000000e+00	inf
540	0.000000e+00	inf
541	0.000000e+00	inf
542	0.000000e+00	inf
543	0.000000e+00	inf
544	0.000000e+00	inf
545	0.000000e+00	inf
546	0.000000e+00	inf
547	0.000000e+00	inf
548	0.000000e+00	inf
549	0.000000e+00	inf
550	0.000000e+00	inf
551	0.000000e+00	inf
552	0.000000e+00	inf
553	0.000000e+00	inf
554	0.000000e+00	inf
555	0.000000e+00	inf
556	0.000000e+00	inf
557	0.000000e+00	inf
558	0.000000e+00	inf
559	0.000000e+00	inf
560	0.000000e+00	inf
561	0.000000e+00	inf
562	0.000000e+00	inf
563	0.000000e+00	inf
564	0.000000e+00	inf
565	0.000000e+00	inf
566	0.000000e+00	inf
567	0.000000e+00	inf
568	0.000000e+00	inf
569	0.000000e+00	inf
570	0.000000e+00	inf
571	0.000000e+00	inf
572	0.000000e+00	inf
573	0.000000e+00	inf
574	0.000000e+00	inf
575	0.000000e+00	inf
576	0.000000e+00	inf
577	0.000000e+00	inf
578	0.000000e+00	inf
579	0.000000e+00	inf
580	0.000000e+00	inf
581	0.000000e+00	inf
582	0.000000e+00	inf
583	0.000000e+00	inf
584	0.000000e+00	inf
585	0.000000e+00	inf
586	0.000000e+00	inf
587	0.000000e+00	inf
588	0.000000e+00	inf
589	0.000000e+00	inf
590	0.000000e+00	inf
591	0.000000e+00	inf
592	0.000000e+00	inf
593	0.000000e+00	inf
594	0.000000e+00	inf
595	0.000000e+00	inf
596	0.000000e+00	inf
597	0.000000e+00	inf
598	0.000000e+00	inf
599	0.000000e+00	inf
600	0.000000e+00	inf
601	0.000000e+00	inf
602	0.000000e+00	inf
603	0.000000e+00	inf
604	0.000000e+00	inf
605	0.000000e+00	inf
606	0.000000e+00	inf
607	0.000000e+00	inf
608	0.000000e+00	inf
609	0.000000e+00	inf
610	0.000000e+00	inf
611	0.000000e+00	inf
612	0.000000e+00	inf
613	0.000000e+00	inf
614	0.000000e+00	inf
615	0.000000e+00	inf
616	0.000000e+00	inf
617	0.000000e+00	inf
618	0.000000e+00	inf
619	0.000000e+00	inf
620	0.000000e+00	inf
621	0.000000e+00	inf
622	0.000000e+00	inf
623	0.000000e+00	inf
624	0.000000e+00	inf
625	0.000000e+00	inf
626	0.000000e+00	inf
627	0.000000e+00	inf
628	0.000000e+00	inf
629	0.000000e+00	inf
630	0.000000e+00	inf
631	0.000000e+00	inf
632	0.000000e+00	inf
633	0.000000e+00	inf
634	0.000000e+00	inf
635	0.000000e+00	inf
636	0.000000e+00	inf
637	0.000000e+00	inf
638	0.000000e+00	inf
639	0.000000e+00	inf
640	0.000000e+00	inf
641	0.000000e+00	inf
642	0.000000e+00	inf
643	0.000000e+00	inf
644	0.000000e+00	inf
645	0.000000e+00	inf
646	0.000000e+00	inf
647	0.000000e+00	inf
648	0.000000e+00	inf
649	0.000000e+00	inf
650	0.000000e+00	inf
651	0.000000e+00	inf
652	0.000000e+00	inf
653	0.000000e+00	inf
654	0.000000e+00	inf
655	0.000000e+00	inf
656	0.000000e+00	inf
657	0.000000e+00	inf
658	0.000000e+00	inf
659	0.000000e+00	inf
660	0.000000e+00	inf
661	0.000000e+00	inf
662	0.000000e+00	inf
663	0.000000e+00	inf
664	0.000000e+00	inf
665	0.000000e+00	inf
666	0.000000e+00	inf
667	0.000000e+00	inf
668	0.000000e+00	inf
669	0.000000e+00	inf
670	0.000000e+00	inf
671	0.000000e+00	inf
672	0.000000e+00	inf
673	0.000000e+00	inf
674	0.000000e+00	inf
675	0.000000e+00	inf
676	0.000000e+00	inf
677	0.000000e+00	inf
678	0.000000e+00	inf
679	0.000000e+00	inf
680	0.000000e+00	inf
681	0.000000e+00	inf
682	0.000000e+00	inf
683	0.000000e+00	inf
684	0.000000e+00	inf
685	0.000000e+00	inf
686	0.000000e+00	inf
687	0.000000e+00	inf
688	0.000000e+00	inf
689	0.000000e+00	inf
690	0.000000e+00	inf
691	0.000000e+00	inf
692	0.000000e+00	inf
693	0.000000e+00	inf
694	0.000000e+00	inf
695	0.000000e+00	inf
696	0.000000e+00	inf
697	0.000000e+00	inf
698	0.000000e+00	inf
699	0.000000e+00	inf
700	0.000000e+00	inf
701	0.000000e+00	inf
702	0.000000e+00	inf
703	0.000000e+00	inf
704	0.000000e+00	inf
705	0.000000e+00	inf
706	0.000000e+00	inf
707	0.000000e+00	inf
708	0.000000e+00	inf
709	0.000000e+00	inf
710	0.000000e+00	inf
711	0.000000e+00	inf
712	0.000000e+00	inf
713	0.000000e+00	inf
714	0.000000e+00	inf
715	0.000000e+00	inf
716	0.000000e+00	inf
717	0.000000e+00	inf
718	0.000000e+00	inf
719	0.000000e+00	inf
720	0.000000e+00	inf
721	0.000000e+00	inf
722	0.000000e+00	inf
723	0.000000e+00	inf
724	0.000000e+00	inf
725	0.000000e+00	inf
726	0.000000e+00	inf
727	0.000000e+00	inf
728	0.000000e+00	inf
729	0.000000e+00	inf
730	0.000000e+00	inf
731	0.000000e+00	inf
732	0.000000e+00	inf
733	0.000000e+00	inf
734	0.000000e+00	inf
735	0.000000e+00	inf
736	0.000000e+00	inf
737	0.000000e+00	inf
738	0.000000e+00	inf
739	0.000000e+00	inf
740	0.000000e+00	inf
741	0.000000e+00	inf
742	0.000000e+00	inf
743	0.000000e+00	inf
744	0.000000e+00	inf
745	0.000000e+00	inf
746	0.000000e+00	inf
747	0.000000e+00	inf
748	0.000000e+00	inf
749	0.000000e+00	inf
750	0.000000e+00	inf
751	0.000000e+00	inf
752	0.000000e+00	inf
753	0.000000e+00	inf
754	0.000000e+00	inf
755	0.000000e+00	inf
756	0.000000e+00	inf
757	0.000000e+00	inf
758	0.000000e+00	inf
759	0.000000e+00	inf
760	0.000000e+00	inf
761	0.000000e+00	inf
762	0.000000e+00	inf
763	0.000000e+00	inf
764	0.000000e+00	inf
765	0.000000e+00	inf
766	0.000000e+00	inf
767	0.000000e+00	inf
768	0.000000e+00	inf
769	0.000000e+00	inf
770	0.000000e+00	inf
771	0.000000e+00	inf
772	0.000000e+00	inf
773	0.000000e+00	inf
774	0.000000e+00	inf
775	0.000000e+00	inf
776	0.000000e+00	inf
777	0.000000e+00	inf
778	0.000000e+00	inf
779	0.000000e+00	inf
780	0.000000e+00	inf
781	0.000000e+00	inf
782	0.000000e+00	inf
783	0.000000e+00	inf
784	0.000000e+00	inf
785	0.000000e+00	inf
786	0.000000e+00	inf
787	0.000000e+00	inf
788	0.000000e+00	inf
789	0.000000e+00	inf
790	0.000000e+00	inf
791	0.000000e+00	inf
792	0.000000e+00	inf
793	0.000000e+00	inf
794	0.000000e+00	inf
795	0.000000e+00	inf
796	0.000000e+00	inf
797	0.000000e+00	inf
798	0.000000e+00	inf
799	0.000000e+00	inf
800	0.000000e+00	inf
801	0.000000e+00	inf
802	0.000000e+00	inf
803	0.000000e+00	inf
804	0.000000e+00	inf
805	0.000000e+00	inf
806	0.000000e+00	inf
807	0.000000e+00	inf
808	0.000000e+00	inf
809	0.000000e+00	inf
810	0.000000e+00	inf
811	0.000000e+00	inf
812	0.000000e+00	inf
813	0.000000e+00	inf
814	0.000000e+00	inf
815	0.000000e+00	inf
816	0.000000e+00	inf
817	0.000000e+00	inf
818	0.000000e+00	inf
819	0.000000e+00	inf
820	0.000000e+00	inf
821	0.000000e+00	inf
822	0.000000e+00	inf
823	0.000000e+00	inf
824	0.000000e+00	inf
825	0.000000e+00	inf
826	0.000000e+00	inf
827	0.000000e+00	inf
828	0.000000e+00	inf
829	0.000000e+00	inf
830	0.000000e+00	inf
831	0.000000e+00	inf
832	0.000000e+00	inf
833	0.000000e+00	inf
834	0.000000e+00	inf
835	0.000000e+00	inf
836	0.000000e+00	inf
837	0.000000e+00	inf
838	0.000000e+00	inf
839	0.000000e+00	inf
840	0.000000e+00	inf
841	0.000000e+00	inf
842	0.000000e+00	inf
843	0.000000e+00	inf
844	0.000000e+00	inf
845	0.000000e+00	inf
846	0.000000e+00	inf
847	0.000000e+00	inf
848	0.000000e+00	inf
849	0.000000e+00	inf
850	0.000000e+00	inf
851	0.000000e+00	inf
852	0.000000e+00	inf
853	0.000000e+00	inf
854	0.000000e+00	inf
855	0.000000e+00	inf
856	0.000000e+00	inf
857	0.000000e+00	inf
858	0.000000e+00	inf
859	0.000000e+00	inf
860	0.000000e+00	inf
861	0.000000e+00	inf
862	0.000000e+00	inf
863	0.000000e+00	inf
864	0.000000e+00	inf
865	0.000000e+00	inf
866	0.000000e+00	inf
867	0.000000e+00	inf
868	0.000000e+00	inf
869	0.000000e+00	inf
870	0.000000e+00	inf
871	0.000000e+00	inf
872	0.000000e+00	inf
873	0.000000e+00	inf
874	0.000000e+00	inf
875	0.000000e+00	inf
876	0.000000e+00	inf
877	0.000000e+00	inf
878	0.000000e+00	inf
879	0.000000e+00	inf
880	0.000000e+00	inf
881	0.000000e+00	inf
882	0.000000e+00	inf
883	0.000000e+00	inf
884	0.000000e+00	inf
885	0.000000e+00	inf
886	0.000000e+00	inf
887	0.000000e+00	inf
888	0.000000e+00	inf
889	0.000000e+00	inf
890	0.000000e+00	inf
891	0.000000e+00	inf
892	0.000000e+00	inf
893	0.000000e+00	inf
894	0.000000e+00	inf
895	0.000000e+00	inf
896	0.000000e+00	inf
897	0.000000e+00	inf
898	0.000000e+00	inf
899	0.000000e+00	inf
900	0.000000e+00	inf
901	0.000000e+00	inf
902	0.000000e+00	inf
903	0.000000e+00	inf
904	0.000000e+00	inf
905	0.000000e+00	inf
906	0.000000e+00	inf
907	0.000000e+00	inf
908	0.000000e+00	inf
909	0.000000e+00	inf
910	0.000000e+00	inf
911	0.000000e+00	inf
912	0.000000e+00	inf
913	0.000000e+00	inf
914	0.000000e+00	inf
915	0.000000e+00	inf
916	0.000000e+00	inf
917	0.000000e+00	inf
918	0.000000e+00	inf
919	0.000000e+00	inf
920	0.000000e+00	inf
921	0.000000e+00	inf
922	0.000000e+00	inf
923	0.000000e+00	inf
924	0.000000e+00	inf
925	0.000000e+00	inf
926	0.000000e+00	inf
927	0.000000e+00	inf
928	0.000000e+00	inf
929	0.000000e+00	inf
930	0.000000e+00	inf
931	0.000000e+00	inf
932	0.000000e+00	inf
933	0.000000e+00	inf
934	0.000000e+00	inf
935	0.000000e+00	inf
936	0.000000e+00	inf
937	0.000000e+00	inf
938	0.000000e+00	inf
939	0.000000e+00	inf
940	0.000000e+00	inf
941	0.000000e+00	inf
942	0.000000e+00	inf
943	0.000000e+00	inf
944	0.000000e+00	inf
945	0.000000e+00	inf
946	0.000000e+00	inf
947	0.000000e+00	inf
948	0.000000e+00	inf
949	0.000000e+00	inf
950	0.000000e+00	inf
951	0.000000e+00	inf
952	0.000000e+00	inf
953	0.000000e+00	inf
954	0.000000e+00	inf
955	0.000000e+00	inf
956	0.000000e+00	inf
957	0.000000e+00	inf
958	0.000000e+00	inf
959	0.000000e+00	inf
960	0.000000e+00	inf
961	0.000000e+00	inf
962	0.000000e+00	inf
963	0.000000e+00	inf
964	0.000000e+00	inf
965	0.000000e+00	inf
966	0.000000e+00	inf
967	0.000000e+00	inf
968	0.000000e+00	inf
969	0.000000e+00	inf
970	0.000000e+00	inf
971	0.000000e+00	inf
972	0.000000e+00	inf
973	0.000000e+00	inf
974	0.000000e+00	inf
975	0.000000e+00	inf
976	0.000000e+00	inf
977	0.000000e+00	inf
978	0.000000e+00	inf
979	0.000000e+00	inf
980	0.000000e+00	inf
981	0.000000e+00	inf
982	0.000000e+00	inf
983	0.000000e+00	inf
984	0.000000e+00	inf
985	0.000000e+00	inf
986	0.000000e+00	inf
987	0.000000e+00	inf
988	0.000000e+00	inf
989	0.000000e+00	inf
990	0.000000e+00	inf
991	0.000000e+00	inf
992	0.000000e+00	inf
993	0.000000e+00	inf
994	0.000000e+00	inf
995	0.000000e+00	inf
996	0.000000e+00	inf
997	0.000000e+00	inf
998	0.000000e+00	inf
999	0.000000e+00	inf
1000	0.000000e+00	inf
1001	0.000000e+00	inf
1002	0.000000e+00	inf
1003	0.000000e+00	inf
1004	0.000000e+00	inf
1005	0.000000e+00	inf
1006	0.000000e+00	inf
1007	0.000000e+00	inf
1008	0.000000e+00	inf
1009	0.000000e+00	inf
1010	0.000000e+00	inf
1011	0.000000e+00	inf
1012	0.000000e+00	inf
1013	0.000000e+00	inf
1014	0.000000e+00	inf
1015	0.000000e+00	inf
1016	0.000000e+00	inf
1017	0.000000e+00	inf
1018	0.000000e+00	inf
1019	0.000000e+00	inf
1020	0.000000e+00	inf
1021	0.000000e+00	inf
1022	0.000000e+00	inf
1023	0.000000e+00	inf
1024	0.000000e+00	inf
1025	0.000000e+00	inf
1026	0.000000e+00	inf
1027	0.000000e+00	inf
1028	0.000000e+00	inf
1029	0.000000e+00	inf
1030	0.000000e+00	inf
1031	0.000000e+00	inf
1032	0.000000e+00	inf
1033	0.000000e+00	inf
1034	0.000000e+00	inf
1035	0.000000e+00	inf
1036	0.000000e+00	inf
1037	0.000000e+00	inf
1038	0.000000e+00	inf
1039	0.000000e+00	inf
1040	0.000000e+00	inf
1041	0.000000e+00	inf
1042	0.000000e+00	inf
1043	0.000000e+00	inf
1044	0.000000e+00	inf
1045	0.000000e+00	inf
1046	0.000000e+00	inf
1047	0.000000e+00	inf
1048	0.000000e+00	inf
1049	0.000000e+00	inf
1050	0.000000e+00	inf
1051	0.000000e+00	inf
1052	0.000000e+00	inf
1053	0.000000e+00	inf
1054	0.000000e+00	inf
1055	0.000000e+00	inf
1056	0.000000e+00	inf
1057	0.000000e+00	inf
1058	0.000000e+00	inf
1059	0.000000e+00	inf
1060	0.000000e+00	inf
1061	0.000000e+00	inf
1062	0.000000e+00	inf
1063	0.000000e+00	inf
1064	0.000000e+00	inf
1065	0.000000e+00	inf
1066	0.000000e+00	inf
1067	0.000000e+00	inf
1068	0.000000e+00	inf
1069	0.000000e+00	inf
1070	0.000000e+00	inf
1071	0.000000e+00	inf
1072	0.000000e+00	inf
1073	0.000000e+00	inf
1074	0.000000e+00	inf
1075	0.000000e+00	inf
1076	0.000000e+00	inf
1077	0.000000e+00	inf
1078	0.000000e+00	inf
1079	0.000000e+00	inf
1080	0.000000e+00	inf
1081	0.000000e+00	inf
1082	0.000000e+00	inf
1083	0.000000e+00	inf
1084	0.000000e+00	inf
1085	0.000000e+00	inf
1086	0.000000e+00	inf
1087	0.000000e+00	inf
1088	0.000000e+00	inf
1089	0.000000e+00	inf
1090	0.000000e+00	inf
1091	0.000000e+00	inf
1092	0.000000e+00	inf
1093	0.000000e+00	inf
1094	0.000000e+00	inf
1095	0.000000e+00	inf
1096	0.000000e+00	inf
1097	0.000000e+00	inf
1098	0.000000e+00	inf
1099	0.000000e+00	inf
1100	0.000000e+00	inf
1101	0.000000e+00	inf
1102	0.000000e+00	inf
1103	0.000000e+00	inf
1104	0.000000e+00	inf
1105	0.000000e+00	inf
1106	0.000000e+00	inf
1107	0.000000e+00	inf
1108	0.000000e+00	inf
1109	0.000000e+00	inf
1110	0.000000e+00	inf
1111	0.000000e+00	inf
1112	0.000000e+00	inf
1113	0.000000e+00	inf
1114	0.000000e+00	inf
1115	0.000000e+00	inf
1116	0.000000e+00	inf
1117	0.000000e+00	inf
1118	0.000000e+00	inf
1119	0.000000e+00	inf
1120	0.000000e+00	inf
1121	0.000000e+00	inf
1122	0.000000e+00	inf
1123	0.000000e+00	inf
1124	0.000000e+00	inf
1125	0.000000e+00	inf
1126	0.000000e+00	inf
1127	0.000000e+00	inf
1128	0.000000e+00	inf
1129	0.000000e+00	inf
1130	0.000000e+00	inf
1131	0.000000e+00	inf
1132	0.000000e+00	inf
1133	0.000000e+00	inf
1134	0.000000e+00	inf
1135	0.000000e+00	inf
1136	0.000000e+00	inf
1137	0.000000e+00	inf
1138	0.000000e+00	inf
1139	0.000000e+00	inf
1140	0.000000e+00	inf
1141	0.000000e+00	inf
1142	0.000000e+00	inf
1143	0.000000e+00	inf
1144	0.000000e+00	inf
1145	0.000000e+00	inf
1146	0.000000e+00	inf
1147	0.000000e+00	inf
1148	0.000000e+00	inf
1149	0.000000e+00	inf
1150	0.000000e+00	inf
1151	0.000000e+00	inf
1152	0.000000e+00	inf
1153	0.000000e+00	inf
1154	0.000000e+00	inf
1155	0.000000e+00	inf
1156	0.000000e+00	inf
1157	0.000000e+00	inf
1158	0.000000e+00	inf
1159	0.000000e+00	inf
1160	0.000000e+00	inf
1161	0.000000e+00	inf
1162	0.000000e+00	inf
1163	0.000000e+00	inf
1164	0.000000e+00	inf
1165	0.000000e+00	inf
1166	0.000000e+00	inf
1167	0.000000e+00	inf
1168	0.000000e+00	inf
1169	0.000000e+00	inf
1170	0.000000e+00	inf
1171	0.000000e+00	inf
1172	0.000000e+00	inf
1173	0.000000e+00	inf
1174	0.000000e+00	inf
1175	0.000000e+00	inf
1176	0.000000e+00	inf
1177	0.000000e+00	inf
1178	0.000000e+00	inf
1179	0.000000e+00	inf
1180	0.000000e+00	inf
1181	0.000000e+00	inf
1182	0.000000e+00	inf
1183	0.000000e+00	inf
1184	0.000000e+00	inf
1185	0.000000e+00	inf
1186	0.000000e+00	inf
1187	0.000000e+00	inf
1188	0.000000e+00	inf
1189	0.000000e+00	inf
1190	0.000000e+00	inf
1191	0.000000e+00	inf
1192	0.000000e+00	inf
1193	0.000000e+00	inf
1194	0.000000e+00	inf
1195	0.000000e+00	inf
1196	0.000000e+00	inf
1197	0.000000e+00	inf
1198	0.000000e+00	inf
1199	0.000000e+00	inf
1200	0.000000e+00	inf
1201	0.000000e+00	inf
1202	0.000000e+00	inf
1203	0.000000e+00	inf
1204	0.000000e+00	inf
1205	0.000000e+00	inf
1206	0.000000e+00	inf
1207	0.000000e+00	inf
1208	0.000000e+00	inf
1209	0.000000e+00	inf
1210	0.000000e+00	inf
1211	0.000000e+00	inf
1212	0.000000e+00	inf
1213	0.000000e+00	inf
1214	0.000000e+00	inf
1215	0.000000e+00	inf
1216	0.000000e+00	inf
1217	0.000000e+00	inf
1218	0.000000e+00	inf
1219	0.000000e+00	inf
1220	0.000000e+00	inf
1221	0.000000e+00	inf
1222	0.000000e+00	inf
1223	0.000000e+00	inf
1224	0.000000e+00	inf
1225	0.000000e+00	inf
1226	0.000000e+00	inf
1227	0.000000e+00	inf
1228	0.000000e+00	inf
1229	0.000000e+00	inf
1230	0.000000e+00	inf
1231	0.000000e+00	inf
1232	0.000000e+00	inf
1233	0.000000e+00	inf
1234	0.000000e+00	inf
1235	0.000000e+00	inf
1236	0.000000e+00	inf
1237	0.000000e+00	inf
1238	0.000000e+00	inf
1239	0.000000e+00	inf
1240	0.000000e+00	inf
1241	0.000000e+00	inf
1242	0.000000e+00	inf
1243	0.000000e+00	inf
1244	0.000000e+00	inf
1245	0.000000e+00	inf
1246	0.000000e+00	inf
1247	0.000000e+00	inf
1248	0.000000e+00	inf
1249	0.000000e+00	inf
1250	0.000000e+00	inf
1251	0.000000e+00	inf
1252	0.000000e+00	inf
1253	0.000000e+00	inf
1254	0.000000e+00	inf
1255	0.000000e+00	inf
1256	0.000000e+00	inf
1257	0.000000e+00	inf
1258	0.000000e+00	inf
1259	0.000000e+00	inf
1260	0.000000e+00	inf
1261	0.000000e+00	inf
1262	0.000000e+00	inf
1263	0.000000e+00	inf
1264	0.000000e+00	inf
1265	0.000000e+00	inf
1266	0.000000e+00	inf
1267	0.000000e+00	inf
1268	0.000000e+00	inf
1269	0.000000e+00	inf
1270	0.000000e+00	inf
1271	0.000000e+00	inf
1272	0.000000e+00	inf
1273	0.000000e+00	inf
1274	0.000000e+00	inf
1275	0.000000e+00	inf
1276	0.000000e+00	inf
1277	0.000000e+00	inf
1278	0.000000e+00	inf
1279	0.000000e+00	inf
1280	0.000000e+00	inf
1281	0.000000e+00	inf
1282	0.000000e+00	inf
1283	0.000000e+00	inf
1284	0.000000e+00	inf
1285	0.000000e+00	inf
1286	0.000000e+00	inf
1287	0.000000e+00	inf
1288	0.000000e+00	inf
1289	0.000000e+00	inf
1290	0.000000e+00	inf
1291	0.000000e+00	inf
1292	0.000000e+00	inf
1293	0.000000e+00	inf
1294	0.000000e+00	inf
1295	0.000000e+00	inf
1296	0.000000e+00	inf
1297	0.000000e+00	inf
1298	0.000000e+00	inf
1299	0.000000e+00	inf
1300	0.000000e+00	inf
1301	0.000000e+00	inf
1302	0.000000e+00	inf
1303	0.000000e+00	inf
1304	0.000000e+00	inf
1305	0.000000e+00	inf
1306	0.000000e+00	inf
1307	0.000000e+00	inf
1308	0.000000e+00	inf
1309	0.000000e+00	inf
1310	0.000000e+00	inf
1311	0.000000e+00	inf
1312	0.000000e+00	inf
1313	0.000000e+00	inf
1314	0.000000e+00	inf
1315	0.000000e+00	inf
1316	0.000000e+00	inf
1317	0.000000e+00	inf
1318	0.000000e+00	inf
1319	0.000000e+00	inf
1320	0.000000e+00	inf
1321	0.000000e+00	inf
1322	0.000000e+00	inf
1323	0.000000e+00	inf
1324	0.000000e+00	inf
1325	0.000000e+00	inf
1326	0.000000e+00	inf
1327	0.000000e+00	inf
1328	0.000000e+00	inf
1329	0.000000e+00	inf
1330	0.000000e+00	inf
1331	0.000000e+00	inf
1332	0.000000e+00	inf
1333	0.000000e+00	inf
1334	0.000000e+00	inf
1335	0.000000e+00	inf
1336	0.000000e+00	inf
1337	0.000000e+00	inf
1338	0.000000e+00	inf
1339	0.000000e+00	inf
1340	0.000000e+00	inf
1341	0.000000e+00	inf
1342	0.000000e+00	inf
1343	0.000000e+00	inf
1344	0.000000e+00	inf
1345	0.000000e+00	inf
1346	0.000000e+00	inf
1347	0.000000e+00	inf
1348	0.000000e+00	inf
1349	0.000000e+00	inf
1350	0.000000e+00	inf
1351	0.000000e+00	inf
1352	0.000000e+00	inf
1353	0.000000e+00	inf
1354	0.000000e+00	inf
1355	0.000000e+00	inf
1356	0.000000e+00	inf
1357	0.000000e+00	inf
1358	0.000000e+00	inf
1359	0.000000e+00	inf
1360	0.000000e+00	inf
1361	0.000000e+00	inf
1362	0.000000e+00	inf
1363	0.000000e+00	inf
1364	0.000000e+00	inf
1365	0.000000e+00	inf
1366	0.000000e+00	inf
1367	0.000000e+00	inf
1368	0.000000e+00	inf
1369	0.000000e+00	inf
1370	0.000000e+00	inf
1371	0.000000e+00	inf
1372	0.000000e+00	inf
1373	0.000000e+00	inf
1374	0.000000e+00	inf
1375	0.000000e+00	inf
1376	0.000000e+00	inf
1377	0.000000e+00	inf
1378	0.000000e+00	inf
1379	0.000000e+00	inf
1380	0.000000e+00	inf
1381	0.000000e+00	inf
1382	0.000000e+00	inf
1383	0.000000e+00	inf
1384	0.000000e+00	inf
1385	0.000000e+00	inf
1386	0.000000e+00	inf
1387	0.000000e+00	inf
1388	0.000000e+00	inf
1389	0.000000e+00	inf
1390	0.000000e+00	inf
1391	0.000000e+00	inf
1392	0.000000e+00	inf
1393	0.000000e+00	inf
1394	0.000000e+00	inf
1395	0.000000e+00	inf
1396	0.000000e+00	inf
1397	0.000000e+00	inf
1398	0.000000e+00	inf
1399	0.000000e+00	inf
1400	0.000000e+00	inf
1401	0.000000e+00	inf
1402	0.000000e+00	inf
1403	0.000000e+00	inf
1404	0.000000e+00	inf
1405	0.000000e+00	inf
1406	0.000000e+00	inf
1407	0.000000e+00	inf
1408	0.000000e+00	inf
1409	0.000000e+00	inf
1410	0.000000e+00	inf
1411	0.000000e+00	inf
1412	0.000000e+00	inf
1413	0.000000e+00	inf
1414	0.000000e+00	inf
1415	0.000000e+00	inf
1416	0.000000e+00	inf
1417	0.000000e+00	inf
1418	0.000000e+00	inf
1419	0.000000e+00	inf
1420	0.000000e+00	inf
1421	0.000000e+00	inf
1422	0.000000e+00	inf
1423	0.000000e+00	inf
1424	0.000000e+00	inf
1425	0.000000e+00	inf
1426	0.000000e+00	inf
1427	0.000000e+00	inf
1428	0.000000e+00	inf
1429	0.000000e+00	inf
1430	0.000000e+00	inf
1431	0.000000e+00	inf
1432	0.000000e+00	inf
1433	0.000000e+00	inf
1434	0.000000e+00	inf
1435	0.000000e+00	inf
1436	0.000000e+00	inf
1437	0.000000e+00	inf
1438	0.000000e+00	inf
1439	0.000000e+00	inf
1440	0.000000e+00	inf
1441	0.000000e+00	inf
1442	0.000000e+00	inf
1443	0.000000e+00	inf
1444	0.000000e+00	inf
1445	0.000000e+00	inf
1446	0.000000e+00	inf
1447	0.000000e+00	inf
1448	0.000000e+00	inf
1449	0.000000e+00	inf
1450	0.000000e+00	inf
1451	0.000000e+00	inf
1452	0.000000e+00	inf
1453	0.000000e+00	inf
1454	0.000000e+00	inf
1455	0.000000e+00	inf
1456	0.000000e+00	inf
1457	0.000000e+00	inf
1458	0.000000e+00	inf
1459	0.000000e+00	inf
1460	0.000000e+00	inf
1461	0.000000e+00	inf
1462	0.000000e+00	inf
1463	0.000000e+00	inf
1464	0.000000e+00	inf
1465	0.000000e+00	inf
1466	0.000000e+00	inf
1467	0.000000e+00	inf
1468	0.000000e+00	inf
1469	0.000000e+00	inf
1470	0.000000e+00	inf
1471	0.000000e+00	inf
1472	0.000000e+00	inf
1473	0.000000e+00	inf
1474	0.000000e+00	inf
1475	0.000000e+00	inf
1476	0.000000e+00	inf
1477	0.000000e+00	inf
1478	0.000000e+00	inf
1479	0.000000e+00	inf
1480	0.000000e+00	inf
1481	0.000000e+00	inf
1482	0.000000e+00	inf
1483	0.000000e+00	inf
1484	0.000000e+00	inf
1485	0.000000e+00	inf
1486	0.000000e+00	inf
1487	0.000000e+00	inf
1488	0.000000e+00	inf
1489	0.000000e+00	inf
1490	0.000000e+00	inf
1491	0.000000e+00	inf
1492	0.000000e+00	inf
1493	0.000000e+00	inf
1494	0.000000e+00	inf
1495	0.000000e+00	inf
1496	0.000000e+00	inf
1497	0.000000e+00	inf
1498	0.000000e+00	inf
1499	0.000000e+00	inf
1500	0.000000e+00	inf
1501	0.000000e+00	inf
1502	0.000000e+00	inf
1503	0.000000e+00	inf
1504	0.000000e+00	inf
1505	0.000000e+00	inf
1506	0.000000e+00	inf
1507	0.000000e+00	inf
1508	0.000000e+00	inf
1509	0.000000e+00	inf
1510	0.000000e+00	inf
1511	0.000000e+00	inf
1512	0.000000e+00	inf
1513	0.000000e+00	inf
1514	0.000000e+00	inf
1515	0.000000e+00	inf
1516	0.000000e+00	inf
1517	0.000000e+00	inf
1518	0.000000e+00	inf
1519	0.000000e+00	inf
1520	0.000000e+00	inf
1521	0.000000e+00	inf
1522	0.000000e+00	inf
1523	0.000000e+00	inf
1524	0.000000e+00	inf
1525	0.000000e+00	inf
1526	0.000000e+00	inf
1527	0.000000e+00	inf
1528	0.000000e+00	inf
1529	0.000000e+00	inf
1530	0.000000e+00	inf
1531	0.000000e+00	inf
1532	0.000000e+00	inf
1533	0.000000e+00	inf
1534	0.000000e+00	inf
1535	0.000000e+00	inf
1536	0.000000e+00	inf
1537	0.000000e+00	inf
1538	0.000000e+00	inf
1539	0.000000e+00	inf
1540	0.000000e+00	inf
1541	0.000000e+00	inf
1542	0.000000e+00	inf
1543	0.000000e+00	inf
1544	0.000000e+00	inf
1545	0.000000e+00	inf
1546	0.000000e+00	inf
1547	0.000000e+00	inf
1548	0.000000e+00	inf
1549	0.000000e+00	inf
1550	0.000000e+00	inf
1551	0.000000e+00	inf
1552	0.000000e+00	inf
1553	0.000000e+00	inf
1554	0.000000e+00	inf
1555	0.000000e+00	inf
1556	0.000000e+00	inf
1557	0.000000e+00	inf
1558	0.000000e+00	inf
1559	0.000000e+00	inf
1560	0.000000e+00	inf
1561	0.000000e+00	inf
1562	0.000000e+00	inf
1563	0.000000e+00	inf
1564	0.000000e+00	inf
1565	0.000000e+00	inf
1566	0.000000e+00	inf
1567	0.000000e+00	inf
1568	0.000000e+00	inf
1569	0.000000e+00	inf
1570	0.000000e+00	inf
1571	0.000000e+00	inf
1572	0.000000e+00	inf
1573	0.000000e+00	inf
1574	0.000000e+00	inf
1575	0.000000e+00	inf
1576	0.000000e+00	inf
1577	0.000000e+00	inf
1578	0.000000e+00	inf
1579	0.000000e+00	inf
1580	0.000000e+00	inf
1581	0.000000e+00	inf
1582	0.000000e+00	inf
1583	0.000000e+00	inf
1584	0.000000e+00	inf
1585	0.000000e+00	inf
1586	0.000000e+00	inf
1587	0.000000e+00	inf
1588	0.000000e+00	inf
1589	0.000000e+00	inf
1590	0.000000e+00	inf
1591	0.000000e+00	inf
1592	0.000000e+00	inf
1593	0.000000e+00	inf
1594	0.000000e+00	inf
1595	0.000000e+00	inf
1596	0.000000e+00	inf
1597	0.000000e+00	inf
1598	0.000000e+00	inf
1599	0.000000e+00	inf
1600	0.000000e+00	inf
1601	0.000000e+00	inf
1602	0.000000e+00	inf
1603	0.000000e+00	inf
1604	0.000000e+00	inf
1605	0.000000e+00	inf
1606	0.000000e+00	inf
1607	0.000000e+00	inf
1608	0.000000e+00	inf
1609	0.000000e+00	inf
1610	0.000000e+00	inf
1611	0.000000e+00	inf
1612	0.000000e+00	inf
1613	0.000000e+00	inf
1614	0.000000e+00	inf
1615	0.000000e+00	inf
1616	0.000000e+00	inf
1617	0.000000e+00	inf
1618	0.000000e+00	inf
1619	0.000000e+00	inf
1620	0.000000e+00	inf
1621	0.000000e+00	inf
1622	0.000000e+00	inf
1623	0.000000e+00	inf
1624	0.000000e+00	inf
1625	0.000000e+00	inf
1626	0.000000e+00	inf
1627	0.000000e+00	inf
1628	0.000000e+00	inf
1629	0.000000e+00	inf
1630	0.000000e+00	inf
1631	0.000000e+00	inf
1632	0.000000e+00	inf
1633	0.000000e+00	inf
1634	0.000000e+00	inf
1635	0.000000e+00	inf
1636	0.000000e+00	inf
1637	0.000000e+00	inf
1638	0.000000e+00	inf
1639	0.000000e+00	inf
1640	0.000000e+00	inf
1641	0.000000e+00	inf
1642	0.000000e+00	inf
1643	0.000000e+00	inf
1644	0.000000e+00	inf
1645	0.000000e+00	inf
1646	0.000000e+00	inf
1647	0.000000e+00	inf
1648	0.000000e+00	inf
1649	0.000000e+00	inf
1650	0.000000e+00	inf
1651	0.000000e+00	inf
1652	0.000000e+00	inf
1653	0.000000e+00	inf
1654	0.000000e+00	inf
1655	0.000000e+00	inf
1656	0.000000e+00	inf
1657	0.000000e+00	inf
1658	0.000000e+00	inf
1659	0.000000e+00	inf
1660	0.000000e+00	inf
1661	0.000000e+00	inf
1662	0.000000e+00	inf
1663	0.000000e+00	inf
1664	0.000000e+00	inf
1665	0.000000e+00	inf
1666	0.000000e+00	inf
1667	0.000000e+00	inf
1668	0.000000e+00	inf
1669	0.000000e+00	inf
1670	0.000000e+00	inf
1671	0.000000e+00	inf
1672	0.000000e+00	inf
1673	0.000000e+00	inf
1674	0.000000e+00	inf
1675	0.000000e+00	inf
1676	0.000000e+00	inf
1677	0.000000e+00	inf
1678	0.000000e+00	inf
1679	0.000000e+00	inf
1680	0.000000e+00	inf
1681	0.000000e+00	inf
1682	0.000000e+00	inf
1683	0.000000e+00	inf
1684	0.000000e+00	inf
1685	0.000000e+00	inf
1686	0.000000e+00	inf
1687	0.000000e+00	inf
1688	0.000000e+00	inf
1689	0.000000e+00	inf
1690	0.000000e+00	inf
1691	0.000000e+00	inf
1692	0.000000e+00	inf
1693	0.000000e+00	inf
1694	0.000000e+00	inf
1695	0.000000e+00	inf
1696	0.000000e+00	inf
1697	0.000000e+00	inf
1698	0.000000e+00	inf
1699	0.000000e+00	inf
1700	0.000000e+00	inf
1701	0.000000e+00	inf
1702	0.000000e+00	inf
1703	0.000000e+00	inf
1704	0.000000e+00	inf
1705	0.000000e+00	inf
1706	0.000000e+00	inf
1707	0.000000e+00	inf
1708	0.000000e+00	inf
1709	0.000000e+00	inf
1710	0.000000e+00	inf
1711	0.000000e+00	inf
1712	0.000000e+00	inf
1713	0.000000e+00	inf
1714	0.000000e+00	inf
1715	0.000000e+00	inf
1716	0.000000e+00	inf
1717	0.000000e+00	inf
1718	0.000000e+00	inf
1719	0.000000e+00	inf
1720	0.000000e+00	inf
1721	0.000000e+00	inf
1722	0.000000e+00	inf
1723	0.000000e+00	inf
1724	0.000000e+00	inf
1725	0.000000e+00	inf
1726	0.000000e+00	inf
1727	0.000000e+00	inf
1728	0.000000e+00	inf
1729	0.000000e+00	inf
1730	0.000000e+00	inf
1731	0.000000e+00	inf
1732	0.000000e+00	inf
1733	0.000000e+00	inf
1734	0.000000e+00	inf
1735	0.000000e+00	inf
1736	0.000000e+00	inf
1737	0.000000e+00	inf
1738	0.000000e+00	inf
1739	0.000000e+00	inf
1740	0.000000e+00	inf
1741	1.314882e-46	1.056452e+02
1742	0.000000e+00	inf
1743	1.866574e-46	1.052948e+02
1744	2.052324e-46	1.051999e+02
1745	5.471381e-46	1.042194e+02
1746	0.000000e+00	inf
1747	1.797016e-45	1.030302e+02
1748	5.026071e-46	1.043043e+02
1749	3.354705e-45	1.024060e+02
1750	1.748540e-45	1.030575e+02
1751	2.436788e-45	1.027256e+02
1752	4.609355e-45	1.020882e+02
1753	1.264377e-44	1.010792e+02
1754	2.467991e-44	1.004103e+02
1755	4.077195e-44	9.990833e+01
1756	1.002945e-43	9.900822e+01
1757	8.415686e-44	9.918365e+01
1758	2.087987e-43	9.827496e+01
1759	3.951785e-43	9.763699e+01
1760	6.033559e-43	9.721382e+01
1761	7.219831e-43	9.703433e+01
1762	1.448004e-42	9.633839e+01
1763	2.364647e-42	9.584794e+01
1764	4.202496e-42	9.527290e+01
1765	6.269579e-42	9.487286e+01
1766	1.022462e-41	9.438378e+01
1767	1.868015e-41	9.378111e+01
1768	2.895699e-41	9.334276e+01
1769	5.383543e-41	9.272264e+01
1770	8.737381e-41	9.223838e+01
1771	1.420305e-40	9.175253e+01
1772	2.107529e-40	9.135789e+01
1773	3.835495e-40	9.075911e+01
1774	6.143922e-40	9.028794e+01
1775	1.048427e-39	8.975353e+01
1776	1.732736e-39	8.925112e+01
1777	2.610445e-39	8.884130e+01
1778	4.442649e-39	8.830957e+01
1779	7.469028e-39	8.779005e+01
1780	1.175668e-38	8.733640e+01
1781	1.799266e-38	8.691085e+01
1782	2.967768e-38	8.641042e+01
1783	4.867316e-38	8.591569e+01
1784	7.541654e-38	8.547779e+01
1785	1.239979e-37	8.498055e+01
1786	1.975544e-37	8.451480e+01
1787	3.140748e-37	8.405119e+01
1788	4.891586e-37	8.360813e+01
1789	8.392567e-37	8.306830e+01
1790	1.267518e-36	8.265600e+01
1791	1.996459e-36	8.220169e+01
1792	3.247804e-36	8.171508e+01
1793	5.044184e-36	8.127483e+01
1794	7.950808e-36	8.081979e+01
1795	1.271492e-35	8.035029e+01
1796	2.041515e-35	7.987679e+01
1797	3.070486e-35	7.946864e+01
1798	4.889199e-35	7.900345e+01
1799	7.417001e-35	7.858670e+01
1800	1.229797e-34	7.808104e+01
1801	1.903080e-34	7.764442e+01
1802	2.965700e-34	7.720078e+01
1803	4.729266e-34	7.673412e+01
1804	7.068559e-34	7.633224e+01
1805	1.128825e-33	7.586413e+01
1806	1.723231e-33	7.544111e+01
1807	2.799833e-33	7.495575e+01
1808	4.314904e-33	7.452323e+01
1809	6.881114e-33	7.405653e+01
1810	1.061172e-32	7.362335e+01
1811	1.583112e-32	7.322333e+01
1812	2.486755e-32	7.277174e+01
1813	3.891273e-32	7.232399e+01
1814	5.797933e-32	7.192522e+01
1815	9.342108e-32	7.144819e+01
1816	1.397011e-31	7.104580e+01
1817	2.095454e-31	7.064037e+01
1818	3.299346e-31	7.018641e+01
1819	4.889900e-31	6.979297e+01
1820	7.539721e-31	6.935995e+01
1821	1.089879e-30	6.899149e+01
1822	1.766653e-30	6.850847e+01
1823	2.375650e-30	6.821228e+01
1824	3.586920e-30	6.780026e+01
1825	5.494433e-30	6.737382e+01
1826	8.054971e-30	6.699126e+01
1827	1.202874e-29	6.659025e+01
1828	1.764952e-29	6.620684e+01
1829	2.668310e-29	6.579352e+01
1830	3.796180e-29	6.544097e+01
1831	5.796933e-29	6.501764e+01
1832	8.187437e-29	6.467237e+01
1833	1.278735e-28	6.422651e+01
1834	1.814838e-28	6.387639e+01
1835	2.669635e-28	6.349044e+01
1836	3.922451e-28	6.310567e+01
1837	5.561983e-28	6.275643e+01
1838	7.888631e-28	6.240696e+01
1839	1.227616e-27	6.196472e+01
1840	1.870924e-27	6.154337e+01
1841	2.629534e-27	6.120299e+01
1842	3.745588e-27	6.084922e+01
1843	5.571469e-27	6.045214e+01
1844	8.360618e-27	6.004627e+01
1845	1.246970e-26	5.964650e+01
1846	1.802276e-26	5.927816e+01
1847	2.604311e-26	5.891004e+01
1848	4.142942e-26	5.844581e+01
1849	5.773008e-26	5.811402e+01
1850	8.266159e-26	5.775504e+01
1851	1.222965e-25	5.736335e+01
1852	1.757467e-25	5.700075e+01
1853	2.788262e-25	5.653921e+01
1854	3.854731e-25	5.621533e+01
1855	5.546230e-25	5.585151e+01
1856	8.150902e-25	5.546650e+01
1857	1.124071e-24	5.514509e+01
1858	1.785212e-24	5.468251e+01
1859	2.464518e-24	5.436005e+01
1860	3.578551e-24	5.398708e+01
1861	4.843534e-24	5.368440e+01
1862	7.271621e-24	5.327806e+01
1863	1.011500e-23	5.294802e+01
1864	1.489047e-23	5.256132e+01
1865	2.100187e-23	5.221743e+01
1866	2.978549e-23	5.186802e+01
1867	4.225030e-23	5.151843e+01
1868	6.370233e-23	5.110782e+01
1869	8.961148e-23	5.076656e+01
1870	1.242769e-22	5.043953e+01
1871	1.780385e-22	5.008004e+01
1872	2.533838e-22	4.972714e+01
1873	3.616215e-22	4.937144e+01
1874	5.121456e-22	4.902343e+01
1875	7.470685e-22	4.864589e+01
1876	1.075942e-21	4.828109e+01
1877	1.541538e-21	4.792151e+01
1878	2.149728e-21	4.758895e+01
1879	3.100202e-21	4.722282e+01
1880	4.353213e-21	4.688337e+01
1881	5.908560e-21	4.657788e+01
1882	8.585530e-21	4.620421e+01
1883	1.245519e-20	4.583215e+01
1884	1.690101e-20	4.552691e+01
1885	2.547171e-20	4.511672e+01
1886	3.624610e-20	4.476396e+01
1887	4.943165e-20	4.445370e+01
1888	7.065861e-20	4.409643e+01
1889	9.564933e-20	4.379360e+01
1890	1.415776e-19	4.340144e+01
1891	1.829620e-19	4.314501e+01
1892	2.701886e-19	4.275517e+01
1893	3.679203e-19	4.244642e+01
1894	5.091372e-19	4.212157e+01
1895	6.669623e-19	4.185155e+01
1896	9.767234e-19	4.147008e+01
1897	1.276041e-18	4.120277e+01
1898	1.797620e-18	4.086007e+01
1899	2.395798e-18	4.057282e+01
1900	3.266201e-18	4.026290e+01
1901	4.183398e-18	4.001541e+01
1902	5.686418e-18	3.970845e+01
1903	8.259183e-18	3.933521e+01
1904	1.046929e-17	3.909809e+01
1905	1.386480e-17	3.881718e+01
1906	1.794181e-17	3.855940e+01
1907	2.518535e-17	3.822027e+01
1908	3.483968e-17	3.789577e+01
1909	4.562913e-17	3.762599e+01
1910	5.939027e-17	3.736240e+01
1911	7.810929e-17	3.708842e+01
1912	1.016380e-16	3.682511e+01
1913	1.402619e-16	3.650302e+01
1914	1.848717e-16	3.622687e+01
1915	2.454953e-16	3.594325e+01
1916	3.182866e-16	3.568358e+01
1917	4.130190e-16	3.542304e+01
1918	5.492444e-16	3.513799e+01
1919	7.220945e-16	3.486438e+01
1920	9.365276e-16	3.460435e+01
1921	1.185893e-15	3.436828e+01
1922	1.492444e-15	3.413836e+01
1923	2.019858e-15	3.383575e+01
1924	2.618805e-15	3.357606e+01
1925	3.366175e-15	3.332500e+01
1926	4.395966e-15	3.305809e+01
1927	5.622063e-15	3.281208e+01
1928	7.449351e-15	3.253065e+01
1929	9.804534e-15	3.225593e+01
1930	1.277360e-14	3.199140e+01
1931	1.642289e-14	3.174010e+01
1932	2.159756e-14	3.146620e+01
1933	2.955999e-14	3.115235e+01
1934	3.777081e-14	3.090724e+01
1935	5.007156e-14	3.062532e+01
1936	6.338231e-14	3.038959e+01
1937	8.826092e-14	3.005848e+01
1938	1.112343e-13	2.982714e+01
1939	1.475391e-13	2.954468e+01
1940	1.901512e-13	2.929096e+01
1941	2.530691e-13	2.900511e+01
1942	3.312356e-13	2.873595e+01
1943	4.345324e-13	2.846451e+01
1944	5.671873e-13	2.819809e+01
1945	7.245204e-13	2.795327e+01
1946	9.733799e-13	2.765800e+01
1947	1.241569e-12	2.741465e+01
1948	1.604319e-12	2.715832e+01
1949	2.037503e-12	2.691930e+01
1950	2.651048e-12	2.665607e+01
1951	3.303041e-12	2.643618e+01
1952	4.209562e-12	2.619366e+01
1953	5.692499e-12	2.589187e+01
1954	7.214605e-12	2.565491e+01
1955	9.351084e-12	2.539553e+01
1956	1.109771e-11	2.522428e+01
1957	1.410863e-11	2.498423e+01
1958	1.858016e-11	2.470893e+01
1959	2.289652e-11	2.450004e+01
1960	2.798253e-11	2.429944e+01
1961	3.535071e-11	2.406570e+01
1962	4.480928e-11	2.382861e+01
1963	5.423920e-11	2.363762e+01
1964	6.215607e-11	2.350137e+01
1965	7.833177e-11	2.327007e+01
1966	9.659652e-11	2.306048e+01
1967	1.155093e-10	2.288167e+01
1968	1.315056e-10	2.275197e+01
1969	1.597544e-10	2.255738e+01
1970	1.849088e-10	2.241116e+01
1971	2.165295e-10	2.225329e+01
1972	2.489960e-10	2.211358e+01
1973	2.823518e-10	2.198787e+01
1974	3.331947e-10	2.182229e+01
1975	3.784745e-10	2.169487e+01
1976	4.525919e-10	2.151603e+01
1977	5.050434e-10	2.140638e+01
1978	5.935416e-10	2.124491e+01
1979	6.615657e-10	2.113641e+01
1980	7.514003e-10	2.100908e+01
1981	8.612961e-10	2.087258e+01
1982	1.002596e-09	2.072067e+01
1983	1.142818e-09	2.058977e+01
1984	1.273031e-09	2.048187e+01
1985	1.564343e-09	2.027580e+01
1986	1.743201e-09	2.016754e+01
1987	1.976892e-09	2.004174e+01
1988	2.272594e-09	1.990234e+01
1989	2.621927e-09	1.975936e+01
1990	3.022182e-09	1.961729e+01
1991	3.191818e-09	1.956268e+01
1992	3.715895e-09	1.941065e+01
1993	4.509589e-09	1.921706e+01
1994	5.035033e-09	1.910685e+01
1995	5.573123e-09	1.900531e+01
1996	6.577104e-09	1.883967e+01
1997	7.197096e-09	1.874959e+01
1998	8.315720e-09	1.860512e+01
1999	1.008285e-08	1.841243e+01
2000	1.132411e-08	1.829633e+01
2001	1.371058e-08	1.810510e+01
2002	1.567251e-08	1.797136e+01
2003	1.832510e-08	1.781499e+01
2004	2.071379e-08	1.769247e+01
2005	2.347101e-08	1.756750e+01
2006	2.970087e-08	1.733209e+01
2007	3.171852e-08	1.726637e+01
2008	4.101507e-08	1.700933e+01
2009	4.317635e-08	1.695797e+01
2010	5.307768e-08	1.675151e+01
2011	6.349568e-08	1.657229e+01
2012	6.816867e-08	1.650128e+01
2013	7.810863e-08	1.636517e+01
2014	9.330801e-08	1.618736e+01
2015	1.093059e-07	1.602912e+01
2016	1.255553e-07	1.589052e+01
2017	1.405539e-07	1.577767e+01
2018	1.584492e-07	1.565783e+01
2019	1.835040e-07	1.551103e+01
2020	2.165155e-07	1.534560e+01
2021	2.449003e-07	1.522241e+01
2022	2.760336e-07	1.510274e+01
2023	3.194226e-07	1.495675e+01
2024	3.444375e-07	1.488135e+01
2025	3.993912e-07	1.473332e+01
2026	4.422353e-07	1.463142e+01
2027	5.121098e-07	1.448473e+01
2028	5.780943e-07	1.436353e+01
2029	6.601106e-07	1.423086e+01
2030	7.641619e-07	1.408449e+01
2031	8.325232e-07	1.399880e+01
2032	9.373420e-07	1.388022e+01
2033	1.008931e-06	1.380662e+01
2034	1.196095e-06	1.363645e+01
2035	1.313564e-06	1.354277e+01
2036	1.456747e-06	1.343930e+01
2037	1.623008e-06	1.333123e+01
2038	1.804794e-06	1.322506e+01
2039	1.981445e-06	1.313168e+01
2040	2.270897e-06	1.299534e+01
2041	2.443910e-06	1.292191e+01
2042	2.705737e-06	1.282014e+01
2043	2.924377e-06	1.274243e+01
2044	3.055124e-06	1.269869e+01
2045	3.348123e-06	1.260711e+01
2046	3.460333e-06	1.257415e+01
2047	3.913534e-06	1.245107e+01
2048	3.959585e-06	1.243937e+01
2049	4.000053e-06	1.242920e+01
2050	4.481107e-06	1.231564e+01
2051	4.396772e-06	1.233464e+01
2052	4.642449e-06	1.228027e+01
2053	4.866843e-06	1.223307e+01
2054	5.330230e-06	1.214212e+01
2055	5.527728e-06	1.210573e+01
2056	5.609670e-06	1.209102e+01
2057	5.993143e-06	1.202489e+01
2058	6.154443e-06	1.199834e+01
2059	6.922856e-06	1.188068e+01
2060	7.242060e-06	1.183560e+01
2061	7.446728e-06	1.180774e+01
2062	7.911816e-06	1.174715e+01
2063	8.467389e-06	1.167929e+01
2064	8.773238e-06	1.164380e+01
2065	9.214265e-06	1.159476e+01
2066	9.915505e-06	1.152141e+01
2067	1.075375e-05	1.144026e+01
2068	1.191154e-05	1.133800e+01
2069	1.310730e-05	1.124234e+01
2070	1.381142e-05	1.119001e+01
2071	1.417676e-05	1.116391e+01
2072	1.596202e-05	1.104530e+01
2073	1.649855e-05	1.101224e+01
2074	1.901739e-05	1.087016e+01
2075	2.019029e-05	1.081031e+01
2076	2.238829e-05	1.070697e+01
2077	2.473610e-05	1.060725e+01
2078	2.675106e-05	1.052894e+01
2079	3.034639e-05	1.040283e+01
2080	3.495950e-05	1.026132e+01
2081	3.727548e-05	1.019717e+01
2082	4.069018e-05	1.010952e+01
2083	4.545836e-05	9.998714e+00
2084	5.435116e-05	9.820045e+00
2085	6.031674e-05	9.715901e+00
2086	6.751768e-05	9.603121e+00
2087	7.547575e-05	9.491699e+00
2088	8.140501e-05	9.416074e+00
2089	1.001993e-04	9.208349e+00
2090	1.041009e-04	9.170149e+00
2091	1.253125e-04	8.984700e+00
2092	1.467697e-04	8.826646e+00
2093	1.569004e-04	8.759900e+00
2094	1.717806e-04	8.669292e+00
2095	2.132596e-04	8.453000e+00
2096	2.195622e-04	8.423875e+00
2097	2.436090e-04	8.319946e+00
2098	2.944415e-04	8.130430e+00
2099	3.091038e-04	8.081834e+00
2100	3.424479e-04	7.979391e+00
2101	3.916131e-04	7.845236e+00
2102	4.369652e-04	7.735657e+00
2103	4.764869e-04	7.649070e+00
2104	5.300746e-04	7.542493e+00
2105	5.768001e-04	7.458015e+00
2106	6.602234e-04	7.322932e+00
2107	7.533630e-04	7.190963e+00
2108	7.659653e-04	7.174374e+00
2109	8.718986e-04	7.044837e+00
2110	9.864531e-04	6.921395e+00
2111	1.010991e-03	6.896825e+00
2112	1.158557e-03	6.760580e+00
2113	1.246906e-03	6.687090e+00
2114	1.413614e-03	6.561606e+00
2115	1.537045e-03	6.477893e+00
2116	1.697854e-03	6.378390e+00
2117	1.826156e-03	6.305542e+00
2118	2.095900e-03	6.167772e+00
2119	2.214540e-03	6.112711e+00
2120	2.529287e-03	5.979818e+00
2121	2.729130e-03	5.903772e+00
2122	2.899123e-03	5.843347e+00
2123	3.260876e-03	5.725759e+00
2124	3.622430e-03	5.620610e+00
2125	3.945673e-03	5.535136e+00
2126	4.291682e-03	5.451077e+00
2127	4.446076e-03	5.415733e+00
2128	4.870605e-03	5.324537e+00
2129	5.186405e-03	5.261714e+00
2130	5.675600e-03	5.171579e+00
2131	6.069293e-03	5.104513e+00
2132	6.476773e-03	5.039533e+00
2133	6.811122e-03	4.989198e+00
2134	7.256224e-03	4.925896e+00
2135	7.775118e-03	4.856827e+00
2136	8.005722e-03	4.827599e+00
2137	8.152888e-03	4.809383e+00
2138	8.562469e-03	4.760367e+00
2139	9.038152e-03	4.706301e+00
2140	8.605024e-03	4.755409e+00
2141	9.465042e-03	4.660150e+00
2142	9.545362e-03	4.651700e+00
2143	9.508417e-03	4.655578e+00
2144	9.602653e-03	4.645716e+00
2145	9.937759e-03	4.611414e+00
2146	9.526304e-03	4.653698e+00
2147	9.747709e-03	4.630723e+00
2148	9.738772e-03	4.631640e+00
2149	9.620664e-03	4.643842e+00
2150	9.712812e-03	4.634309e+00
2151	9.748826e-03	4.630608e+00
2152	9.411459e-03	4.665827e+00
2153	9.636113e-03	4.642238e+00
2154	9.833690e-03	4.621941e+00
2155	9.823221e-03	4.623006e+00
2156	9.784352e-03	4.626971e+00
2157	9.167401e-03	4.692101e+00
2158	9.641266e-03	4.641703e+00
2159	9.783851e-03	4.627022e+00
2160	9.524285e-03	4.653910e+00
2161	9.291031e-03	4.678706e+00
2162	9.646247e-03	4.641186e+00
2163	9.382971e-03	4.668859e+00
2164	9.497470e-03	4.656730e+00
2165	9.890021e-03	4.616229e+00
2166	1.004790e-02	4.600392e+00
2167	9.707145e-03	4.634893e+00
2168	9.999617e-03	4.605209e+00
2169	1.057785e-02	4.548993e+00
2170	1.020857e-02	4.584528e+00
2171	1.079272e-02	4.528883e+00
2172	1.071992e-02	4.535652e+00
2173	1.148620e-02	4.466609e+00
2174	1.138908e-02	4.475100e+00
2175	1.214234e-02	4.411057e+00
2176	1.270164e-02	4.366024e+00
2177	1.279236e-02	4.358907e+00
2178	1.295491e-02	4.346280e+00
2179	1.305455e-02	4.338618e+00
2180	1.272244e-02	4.364388e+00
2181	1.333436e-02	4.317411e+00
2182	1.324981e-02	4.323772e+00
2183	1.422832e-02	4.252521e+00
2184	1.358718e-02	4.298629e+00
2185	1.308751e-02	4.336097e+00
2186	1.324764e-02	4.323936e+00
2187	1.304377e-02	4.339445e+00
2188	1.280009e-02	4.358303e+00
2189	1.255251e-02	4.377835e+00
2190	1.277025e-02	4.360637e+00
2191	1.215158e-02	4.410296e+00
2192	1.183208e-02	4.436941e+00
2193	1.174435e-02	4.444383e+00
2194	1.119513e-02	4.492277e+00
2195	1.093150e-02	4.516106e+00
2196	1.071826e-02	4.535806e+00
2197	1.006429e-02	4.598762e+00
2198	9.721531e-03	4.633412e+00
2199	9.957361e-03	4.609443e+00
2200	8.697223e-03	4.744752e+00
2201	8.474668e-03	4.770674e+00
2202	8.648615e-03	4.750356e+00
2203	8.565448e-03	4.760019e+00
2204	8.005383e-03	4.827641e+00
2205	7.542504e-03	4.887201e+00
2206	7.330702e-03	4.915684e+00
2207	6.739587e-03	4.999757e+00
2208	6.602961e-03	5.020237e+00
2209	6.146186e-03	5.091924e+00
2210	5.775214e-03	5.154180e+00
2211	5.574241e-03	5.189599e+00
2212	5.649676e-03	5.176157e+00
2213	5.036345e-03	5.291075e+00
2214	5.370138e-03	5.226902e+00
2215	4.592370e-03	5.383359e+00
2216	4.522723e-03	5.398641e+00
2217	4.509026e-03	5.401674e+00
2218	4.129133e-03	5.489688e+00
2219	4.276729e-03	5.454567e+00
2220	4.125303e-03	5.490616e+00
2221	3.887641e-03	5.549953e+00
2222	3.813488e-03	5.569211e+00
2223	3.636281e-03	5.616794e+00
2224	3.657049e-03	5.611099e+00
2225	3.400513e-03	5.683829e+00
2226	3.383579e-03	5.688821e+00
2227	3.403647e-03	5.682908e+00
2228	3.179176e-03	5.751133e+00
2229	3.215042e-03	5.739915e+00
2230	2.824369e-03	5.869470e+00
2231	2.748054e-03	5.896862e+00
2232	2.670234e-03	5.925589e+00
2233	2.636488e-03	5.938308e+00
2234	2.558758e-03	5.968233e+00
2235	2.419947e-03	6.024009e+00
2236	2.235774e-03	6.103168e+00
2237	2.105476e-03	6.163214e+00
2238	2.041259e-03	6.194189e+00
2239	1.993189e-03	6.218019e+00
2240	1.868850e-03	6.282432e+00
2241	1.791872e-03	6.324494e+00
2242	1.709930e-03	6.371303e+00
2243	1.681064e-03	6.388328e+00
2244	1.519435e-03	6.489417e+00
2245	1.440655e-03	6.542657e+00
2246	1.345301e-03	6.611138e+00
2247	1.279126e-03	6.661578e+00
2248	1.171870e-03	6.749155e+00
2249	1.130152e-03	6.785403e+00
2250	1.046220e-03	6.862572e+00
2251	9.654513e-04	6.942915e+00
2252	9.300814e-04	6.980238e+00
2253	8.594144e-04	7.059259e+00
2254	7.831105e-04	7.152237e+00
2255	7.418544e-04	7.206357e+00
2256	6.766344e-04	7.298380e+00
2257	6.346960e-04	7.362364e+00
2258	5.988356e-04	7.420523e+00
2259	5.079614e-04	7.585105e+00
2260	4.887083e-04	7.623745e+00
2261	4.285916e-04	7.755006e+00
2262	4.092968e-04	7.801070e+00
2263	3.835043e-04	7.866160e+00
2264	3.468211e-04	7.966701e+00
2265	2.943853e-04	8.130621e+00
2266	2.775876e-04	8.189374e+00
2267	2.417338e-04	8.327673e+00
2268	2.182066e-04	8.430068e+00
2269	2.055681e-04	8.489733e+00
2270	1.808903e-04	8.617620e+00
2271	1.598186e-04	8.741471e+00
2272	1.472296e-04	8.823517e+00
2273	1.355932e-04	8.905851e+00
2274	1.194421e-04	9.032679e+00
2275	1.073435e-04	9.139477e+00
2276	9.651606e-05	9.245801e+00
2277	8.788572e-05	9.339473e+00
2278	7.571143e-05	9.488581e+00
2279	6.801862e-05	9.595729e+00
2280	6.089733e-05	9.706321e+00
2281	5.503857e-05	9.807476e+00
2282	5.062458e-05	9.891073e+00
2283	4.478389e-05	1.001366e+01
2284	4.003223e-05	1.012583e+01
2285	3.436214e-05	1.027856e+01
2286	3.171032e-05	1.035887e+01
2287	2.719583e-05	1.051245e+01
2288	2.409172e-05	1.063364e+01
2289	2.130055e-05	1.075678e+01
2290	1.874357e-05	1.088466e+01
2291	1.643793e-05	1.101592e+01
2292	1.439563e-05	1.114859e+01
2293	1.307490e-05	1.124482e+01
2294	1.173903e-05	1.135259e+01
2295	9.759690e-06	1.153725e+01
2296	8.681378e-06	1.165433e+01
2297	8.029098e-06	1.173244e+01
2298	6.655356e-06	1.192009e+01
2299	5.786479e-06	1.205999e+01
2300	5.208878e-06	1.216515e+01
2301	4.813759e-06	1.224403e+01
2302	4.115243e-06	1.240081e+01
2303	3.697882e-06	1.250775e+01
2304	3.110347e-06	1.268078e+01
2305	2.975249e-06	1.272518e+01
2306	2.463830e-06	1.291379e+01
2307	2.273132e-06	1.299435e+01
2308	2.018591e-06	1.311311e+01
2309	1.771164e-06	1.324387e+01
2310	1.624422e-06	1.333036e+01
2311	1.352230e-06	1.351376e+01
2312	1.185690e-06	1.364519e+01
2313	1.089530e-06	1.372976e+01
2314	9.613387e-07	1.385494e+01
2315	8.396974e-07	1.399022e+01
2316	7.575110e-07	1.409323e+01
2317	6.543067e-07	1.423969e+01
2318	5.834123e-07	1.435437e+01
2319	5.282232e-07	1.445375e+01
2320	4.590270e-07	1.459416e+01
2321	3.840177e-07	1.477258e+01
2322	3.440534e-07	1.488247e+01
2323	3.087014e-07	1.499089e+01
2324	2.610723e-07	1.515847e+01
2325	2.525964e-07	1.519147e+01
2326	2.107369e-07	1.537266e+01
2327	1.836704e-07	1.551012e+01
2328	1.608043e-07	1.564308e+01
2329	1.416283e-07	1.577006e+01
2330	1.291061e-07	1.586263e+01
2331	1.080659e-07	1.604052e+01
2332	1.008479e-07	1.610965e+01
2333	8.541206e-08	1.627578e+01
2334	7.820192e-08	1.636397e+01
2335	6.552663e-08	1.654081e+01
2336	5.888799e-08	1.664763e+01
2337	5.376432e-08	1.673866e+01
2338	4.410222e-08	1.693676e+01
2339	4.007772e-08	1.703245e+01
2340	3.350098e-08	1.721169e+01
2341	2.831975e-08	1.737971e+01
2342	2.628996e-08	1.745408e+01
2343	2.259533e-08	1.760552e+01
2344	1.943775e-08	1.775605e+01
2345	1.629567e-08	1.793237e+01
2346	1.400063e-08	1.808416e+01
2347	1.172445e-08	1.826159e+01
2348	1.014710e-08	1.840608e+01
2349	8.075769e-09	1.863440e+01
2350	7.200581e-09	1.874910e+01
2351	6.025955e-09	1.892719e+01
2352	5.189686e-09	1.907659e+01
2353	4.546649e-09	1.920888e+01
2354	3.530937e-09	1.946170e+01
2355	2.915380e-09	1.965327e+01
2356	2.632347e-09	1.975539e+01
2357	2.223591e-09	1.992414e+01
2358	1.826917e-09	2.012064e+01
2359	1.491266e-09	2.032364e+01
2360	1.233094e-09	2.051374e+01
2361	1.045777e-09	2.067851e+01
2362	8.521994e-10	2.088320e+01
2363	7.150594e-10	2.105866e+01
2364	6.115364e-10	2.121505e+01
2365	5.184444e-10	2.138019e+01
2366	4.236221e-10	2.158218e+01
2367	3.549441e-10	2.175906e+01
2368	3.005829e-10	2.192530e+01
2369	2.484942e-10	2.211560e+01
2370	1.997019e-10	2.233420e+01
2371	1.742680e-10	2.247043e+01
2372	1.445050e-10	2.265771e+01
2373	1.185881e-10	2.285536e+01
2374	9.688185e-11	2.305753e+01
2375	7.903335e-11	2.326115e+01
2376	6.928689e-11	2.339277e+01
2377	5.351393e-11	2.365108e+01
2378	4.547255e-11	2.381391e+01
2379	3.536745e-11	2.406523e+01
2380	3.010815e-11	2.422623e+01
2381	2.496749e-11	2.441345e+01
2382	1.905320e-11	2.468379e+01
2383	1.689215e-11	2.480417e+01
2384	1.419108e-11	2.497841e+01
2385	1.133096e-11	2.520348e+01
2386	8.434337e-12	2.549871e+01
2387	7.679880e-12	2.559242e+01
2388	6.656999e-12	2.573535e+01
2389	5.773872e-12	2.587768e+01
2390	4.334946e-12	2.616431e+01
2391	3.607715e-12	2.634795e+01
2392	3.306273e-12	2.643520e+01
2393	2.962955e-12	2.654483e+01
2394	2.309314e-12	2.679407e+01
2395	2.068195e-12	2.690435e+01
2396	1.730209e-12	2.708278e+01
2397	1.569067e-12	2.718054e+01
2398	1.209084e-12	2.744116e+01
2399	1.185772e-12	2.746063e+01
2400	1.000135e-12	2.763089e+01
2401	8.323703e-13	2.781450e+01
2402	6.980688e-13	2.799046e+01
2403	6.091294e-13	2.812675e+01
2404	5.089634e-13	2.830640e+01
2405	4.324126e-13	2.846940e+01
2406	3.727032e-13	2.861799e+01
2407	3.195180e-13	2.877196e+01
2408	2.732732e-13	2.892830e+01
2409	2.359064e-13	2.907534e+01
2410	2.011156e-13	2.923490e+01
2411	1.762535e-13	2.936685e+01
2412	1.421590e-13	2.958183e+01
2413	1.256064e-13	2.970562e+01
2414	1.069872e-13	2.986607e+01
2415	9.032759e-14	3.003533e+01
2416	7.690412e-14	3.019622e+01
2417	6.864385e-14	3.030984e+01
2418	5.535725e-14	3.052497e+01
2419	4.784873e-14	3.067073e+01
2420	4.055042e-14	3.083623e+01
2421	3.384686e-14	3.101693e+01
2422	2.883635e-14	3.117714e+01
2423	2.426738e-14	3.134964e+01
2424	2.060516e-14	3.151323e+01
2425	1.670410e-14	3.172312e+01
2426	1.392563e-14	3.190505e+01
2427	1.173885e-14	3.207587e+01
2428	1.034187e-14	3.220258e+01
2429	8.706627e-15	3.237469e+01
2430	7.116404e-15	3.257637e+01
2431	5.828467e-15	3.277602e+01
2432	5.031374e-15	3.292308e+01
2433	4.068930e-15	3.313540e+01
2434	3.337340e-15	3.333360e+01
2435	2.843629e-15	3.349370e+01
2436	2.518459e-15	3.361513e+01
2437	2.017121e-15	3.383711e+01
2438	1.626398e-15	3.405241e+01
2439	1.431750e-15	3.417988e+01
2440	1.208728e-15	3.434921e+01
2441	9.851515e-16	3.455374e+01
2442	8.819958e-16	3.466434e+01
2443	7.387381e-16	3.484159e+01
2444	6.300741e-16	3.500069e+01
2445	5.217077e-16	3.518942e+01
2446	4.281126e-16	3.538715e+01
2447	3.733083e-16	3.552413e+01
2448	3.389833e-16	3.562058e+01
2449	2.871266e-16	3.578661e+01
2450	2.248118e-16	3.603127e+01
2451	1.965843e-16	3.616544e+01
2452	1.696041e-16	3.631306e+01
2453	1.438434e-16	3.647781e+01
2454	1.241144e-16	3.662533e+01
2455	1.014605e-16	3.682686e+01
2456	8.444520e-17	3.701043e+01
2457	7.431602e-17	3.713821e+01
2458	6.409306e-17	3.728620e+01
2459	5.202502e-17	3.749481e+01
2460	4.481901e-17	3.764390e+01
2461	3.602104e-17	3.786243e+01
2462	3.167382e-17	3.799104e+01
2463	2.628526e-17	3.817752e+01
2464	2.074934e-17	3.841402e+01
2465	1.774820e-17	3.857025e+01
2466	1.524460e-17	3.872231e+01
2467	1.313021e-17	3.887162e+01
2468	1.052511e-17	3.909277e+01
2469	8.847072e-18	3.926645e+01
2470	7.375193e-18	3.944841e+01
2471	5.936101e-18	3.966548e+01
2472	5.260331e-18	3.978634e+01
2473	4.431165e-18	3.995787e+01
2474	3.453665e-18	4.020710e+01
2475	3.037401e-18	4.033553e+01
2476	2.438082e-18	4.055532e+01
2477	2.126554e-18	4.069203e+01
2478	1.664444e-18	4.093704e+01
2479	1.429806e-18	4.108899e+01
2480	1.114168e-18	4.133842e+01
2481	8.974164e-19	4.155477e+01
2482	7.523432e-19	4.173109e+01
2483	6.226129e-19	4.192036e+01
2484	5.263717e-19	4.208828e+01
2485	4.064033e-19	4.234694e+01
2486	3.291085e-19	4.255790e+01
2487	2.568414e-19	4.280583e+01
2488	2.049387e-19	4.303158e+01
2489	1.639494e-19	4.325473e+01
2490	1.358173e-19	4.344298e+01
2491	1.069494e-19	4.368193e+01
2492	8.901526e-20	4.386548e+01
2493	6.618800e-20	4.416179e+01
2494	5.830032e-20	4.428868e+01
2495	4.453775e-20	4.455795e+01
2496	3.492200e-20	4.480117e+01
2497	2.908635e-20	4.498402e+01
2498	2.412034e-20	4.517123e+01
2499	1.930434e-20	4.539396e+01
2500	1.631816e-20	4.556201e+01
2501	1.302501e-20	4.578742e+01
2502	1.025830e-20	4.602620e+01
2503	9.045148e-21	4.615206e+01
2504	6.921247e-21	4.641969e+01
2505	6.058538e-21	4.655282e+01
2506	4.833045e-21	4.677881e+01
2507	3.859435e-21	4.700377e+01
2508	3.368143e-21	4.713993e+01
2509	2.826109e-21	4.731539e+01
2510	2.280911e-21	4.752971e+01
2511	1.904177e-21	4.771024e+01
2512	1.554613e-21	4.791306e+01
2513	1.285134e-21	4.810342e+01
2514	1.031493e-21	4.832328e+01
2515	9.136256e-22	4.844462e+01
2516	7.477595e-22	4.864496e+01
2517	6.148192e-22	4.884071e+01
2518	5.121047e-22	4.902351e+01
2519	4.370796e-22	4.918193e+01
2520	3.702549e-22	4.934785e+01
2521	3.119523e-22	4.951919e+01
2522	2.518442e-22	4.973323e+01
2523	2.102478e-22	4.991376e+01
2524	1.802047e-22	5.006795e+01
2525	1.407981e-22	5.031472e+01
2526	1.196314e-22	5.047763e+01
2527	1.006886e-22	5.065001e+01
2528	8.045306e-23	5.087437e+01
2529	6.729467e-23	5.105296e+01
2530	5.785664e-23	5.120407e+01
2531	4.821922e-23	5.138628e+01
2532	4.140956e-23	5.153853e+01
2533	3.409222e-23	5.173297e+01
2534	2.745977e-23	5.194932e+01
2535	2.309646e-23	5.212236e+01
2536	1.876656e-23	5.232997e+01
2537	1.525619e-23	5.253706e+01
2538	1.306748e-23	5.269192e+01
2539	1.085093e-23	5.287779e+01
2540	8.629149e-24	5.310690e+01
2541	7.430263e-24	5.325648e+01
2542	5.872481e-24	5.349177e+01
2543	4.762632e-24	5.370124e+01
2544	4.023890e-24	5.386979e+01
2545	3.497743e-24	5.400992e+01
2546	2.640675e-24	5.429101e+01
2547	2.190798e-24	5.447778e+01
2548	1.823887e-24	5.466107e+01
2549	1.419193e-24	5.491195e+01
2550	1.158346e-24	5.511505e+01
2551	9.522771e-25	5.531094e+01
2552	7.737983e-25	5.551849e+01
2553	6.256651e-25	5.573098e+01
2554	5.144581e-25	5.592668e+01
2555	4.147837e-25	5.614204e+01
2556	3.395876e-25	5.634207e+01
2557	2.852772e-25	5.651634e+01
2558	2.236709e-25	5.675962e+01
2559	1.876669e-25	5.693513e+01
2560	1.541619e-25	5.713179e+01
2561	1.205945e-25	5.737736e+01
2562	9.997771e-26	5.756485e+01
2563	7.815103e-26	5.781115e+01
2564	6.122810e-26	5.805519e+01
2565	5.038020e-26	5.825020e+01
2566	4.010052e-26	5.847841e+01
2567	3.305685e-26	5.867157e+01
2568	2.625404e-26	5.890198e+01
2569	2.149893e-26	5.910179e+01
2570	1.777446e-26	5.929204e+01
2571	1.372658e-26	5.955046e+01
2572	1.061879e-26	5.980717e+01
2573	8.546823e-27	6.002424e+01
2574	6.495343e-27	6.029871e+01
2575	5.217946e-27	6.051769e+01
2576	4.407184e-27	6.068656e+01
2577	3.268011e-27	6.098562e+01
2578	2.656957e-27	6.119262e+01
2579	1.990412e-27	6.148146e+01
2580	1.786252e-27	6.158968e+01
2581	1.371306e-27	6.185403e+01
2582	9.648306e-28	6.220560e+01
2583	9.208406e-28	6.225227e+01
2584	6.411603e-28	6.261427e+01
2585	5.121881e-28	6.283886e+01
2586	4.065725e-28	6.306979e+01
2587	2.802620e-28	6.344183e+01
2588	1.926888e-28	6.381648e+01
2589	1.968969e-28	6.379487e+01
2590	1.396100e-28	6.413870e+01
2591	9.770023e-29	6.449565e+01
2592	1.062653e-28	6.441161e+01
2593	6.421347e-29	6.491534e+01
2594	7.060980e-29	6.482038e+01
2595	4.914099e-29	6.518286e+01
2596	2.728096e-29	6.577136e+01
2597	1.576893e-29	6.631951e+01
2598	1.866614e-29	6.615084e+01
2599	1.237705e-29	6.656171e+01
2600	1.235162e-29	6.656377e+01
2601	7.740287e-30	6.703111e+01
2602	6.242697e-30	6.724614e+01
2603	3.146129e-30	6.793138e+01
2604	3.218491e-30	6.790864e+01
2605	1.625988e-30	6.859144e+01
2606	1.681580e-30	6.855782e+01
2607	0.000000e+00	inf
2608	1.813681e-30	6.848219e+01
2609	1.869265e-30	6.845201e+01
2610	3.948159e-30	6.770430e+01
2611	2.012272e-30	6.837829e+01
