   1704.7500000000000        0.0000000000000000     
   1714.2500000000000        0.0000000000000000     
   1723.7500000000000        0.0000000000000000     
   1733.2500000000000        70.276531265175166     
   1742.7500000000000        65.113821954344616     
   1752.2500000000000        60.085683307906592     
   1761.7500000000000        55.121730320035290     
   1771.2500000000000        50.326298782689463     
   1780.7500000000000        45.609561547744683     
   1790.2500000000000        40.974953468371069     
   1799.7500000000000        36.244300790470611     
   1809.2500000000000        31.652973971619378     
   1818.7500000000000        27.548079468188501     
   1828.2500000000000        23.580991893130808     
   1837.7500000000000        19.588149859381421     
   1847.2500000000000        15.475494693773294     
   1856.7500000000000        11.782982317747273     
   1866.2500000000000        8.2096285966008615     
   1875.7500000000000        4.6588799853512137     
   1885.2500000000000        1.2068599984550903     
   1894.7500000000000       -1.7825800419842812     
   1904.2500000000000       -4.6628072668909128     
   1913.7500000000000       -7.4642057991974982     
   1923.2500000000000       -10.291499068509761     
   1932.7500000000000       -12.994646372979982     
   1942.2500000000000       -15.504168143679260     
   1951.7500000000000       -17.916468606555483     
   1961.2500000000000       -20.201610061892588     
   1970.7500000000000       -22.122498482198090     
   1980.2500000000000       -23.848872331968479     
   1989.7500000000000       -25.523336008977004     
   1999.2500000000000       -27.133853333210940     
   2008.7500000000000       -28.437074676384565     
   2018.2500000000000       -29.562939228852908     
   2027.7500000000000       -30.644471492184259     
   2037.2500000000000       -31.624529969020166     
   2046.7500000000000       -32.346660201748669     
   2056.2500000000000       -32.889786202209820     
   2065.7500000000000       -33.331706181105680     
   2075.2500000000000       -33.742535535424565     
   2084.7500000000000       -34.030537140802686     
   2094.2500000000000       -34.077598463028188     
   2103.7500000000000       -34.016195621763892     
   2113.2500000000000       -33.872568368811940     
   2122.7500000000000       -33.541276000123993     
   2132.2500000000000       -32.940149345930784     
   2141.7500000000000       -32.263083872110876     
   2151.2500000000000       -31.508231829905920     
   2160.7500000000000       -30.557341750794826     
   2170.2500000000000       -29.325426697463250     
   2179.7500000000000       -28.037698775589142     
   2189.2500000000000       -26.682276437557384     
   2198.7500000000000       -25.242822188436897     
   2208.2500000000000       -23.603204336902305     
   2217.7500000000000       -22.121449030358505     
   2227.2500000000000       -20.904004828139151     
   2236.7500000000000       -19.904801124967147     
   2246.2500000000000       -18.989932853047844     
   2255.7500000000000       -17.556097927538108     
   2265.2500000000000       -15.745507814513482     
   2274.7500000000000       -13.981190678123422     
   2284.2500000000000       -12.146713769167484     
   2293.7500000000000       -9.7419851728407867     
   2303.2500000000000       -7.3140769926344165     
   2312.7500000000000       -5.0976980584336005     
   2322.2500000000000       -2.9573466331052827     
   2331.7500000000000      -0.56936841073181566     
   2341.2500000000000        2.5460129884625076     
   2350.7500000000000        5.1790346858517866     
   2360.2500000000000        7.3500714306757535     
   2369.7500000000000        9.2439312771219182     
   2379.2500000000000        10.982739045672142     
   2388.7500000000000        13.248531457269154     
   2398.2500000000000        16.315553192000472     
   2407.7500000000000        18.486472640917288     
   2417.2500000000000        20.047235494339443     
   2426.7500000000000        21.502604015596361     
   2436.2500000000000        23.224606810469915     
   2445.7500000000000        25.934339137120809     
   2455.2500000000000        28.804229751634320     
   2464.7500000000000        31.696246868111736     
   2474.2500000000000        35.106289894575461     
   2483.7500000000000        38.550142775295825     
   2493.2500000000000        41.508954462678197     
   2502.7500000000000        44.374168618202553     
   2512.2500000000000        47.225964143507007     
   2521.7500000000000        50.375954277288230     
   2531.2500000000000        53.951016942238056     
   2540.7500000000000        56.773591716513494     
   2550.2500000000000        59.324867206745111     
   2559.7500000000000        61.822761604955971     
   2569.2500000000000        64.311508665149802     
   2578.7500000000000        66.747622016178056     
   2588.2500000000000        69.228423061846414     
   2597.7500000000000        71.841970564919805     
   2607.2500000000000        74.374209561548867     
   2616.7500000000000        0.0000000000000000     
   2626.2500000000000        0.0000000000000000     
   2635.7500000000000        0.0000000000000000     
   2645.2500000000000        0.0000000000000000     
