   1704.7500000000000        0.0000000000000000     
   1714.2500000000000        0.0000000000000000     
   1723.7500000000000        0.0000000000000000     
   1733.2500000000000        46.514376517876592     
   1742.7500000000000        42.525643943816782     
   1752.2500000000000        38.570758201052854     
   1761.7500000000000        34.765506813315127     
   1771.2500000000000        31.107953445914426     
   1780.7500000000000        27.599540283428986     
   1790.2500000000000        24.036452877841590     
   1799.7500000000000        20.202960472393912     
   1809.2500000000000        16.335076268385777     
   1818.7500000000000        13.015171648364337     
   1828.2500000000000        10.028878886203863     
   1837.7500000000000        7.1014352413311856     
   1847.2500000000000        4.0788736526157363     
   1856.7500000000000        1.2349088246843787     
   1866.2500000000000       -1.3486360899226837     
   1875.7500000000000       -3.7806230131021548     
   1885.2500000000000       -5.9093220360604599     
   1894.7500000000000       -7.7648671633084829     
   1904.2500000000000       -9.4954303945371148     
   1913.7500000000000       -11.214688882611982     
   1923.2500000000000       -13.028278910282740     
   1932.7500000000000       -14.827645806271066     
   1942.2500000000000       -16.530894944524373     
   1951.7500000000000       -18.018449741438065     
   1961.2500000000000       -18.966029463664587     
   1970.7500000000000       -19.655954402366469     
   1980.2500000000000       -20.266697683841674     
   1989.7500000000000       -20.922344683376313     
   1999.2500000000000       -21.742790113693864     
   2008.7500000000000       -22.401272550347244     
   2018.2500000000000       -22.907535050643883     
   2027.7500000000000       -23.279088039124407     
   2037.2500000000000       -23.301146904105970     
   2046.7500000000000       -23.149029311335624     
   2056.2500000000000       -22.921476071636313     
   2065.7500000000000       -22.680666980977719     
   2075.2500000000000       -22.484446158871268     
   2084.7500000000000       -22.207868535054303     
   2094.2500000000000       -21.832882059936377     
   2103.7500000000000       -21.381393217260797     
   2113.2500000000000       -20.891441353504216     
   2122.7500000000000       -20.245079599817114     
   2132.2500000000000       -19.512829514565890     
   2141.7500000000000       -18.763381616543814     
   2151.2500000000000       -17.825018872081156     
   2160.7500000000000       -16.617980421394304     
   2170.2500000000000       -15.451899666965042     
   2179.7500000000000       -14.351651753041271     
   2189.2500000000000       -13.229493782110147     
   2198.7500000000000       -12.057652205860302     
   2208.2500000000000       -10.874804027635129     
   2217.7500000000000       -9.8228003364214818     
   2227.2500000000000       -8.8026175802489171     
   2236.7500000000000       -7.8184525756352041     
   2246.2500000000000       -6.7312587153521966     
   2255.7500000000000       -5.4317479198353276     
   2265.2500000000000       -4.0765341967147828     
   2274.7500000000000       -2.6493800123697300     
   2284.2500000000000       -1.1050633581164844     
   2293.7500000000000       0.72873748033345276     
   2303.2500000000000        2.3062014026493429     
   2312.7500000000000        3.6437374812664149     
   2322.2500000000000        4.8230059260926836     
   2331.7500000000000        5.9472264213091881     
   2341.2500000000000        7.3880001943553175     
   2350.7500000000000        9.3079347069286555     
   2360.2500000000000        10.861304281676357     
   2369.7500000000000        11.997389621501341     
   2379.2500000000000        13.102159205497285     
   2388.7500000000000        14.563786899878465     
   2398.2500000000000        16.606190867345003     
   2407.7500000000000        18.466096419439204     
   2417.2500000000000        19.859259184302932     
   2426.7500000000000        21.042935563778606     
   2436.2500000000000        22.263969528282654     
   2445.7500000000000        23.928175476495898     
   2455.2500000000000        25.676313275883700     
   2464.7500000000000        26.784260129059561     
   2474.2500000000000        27.643451203246723     
   2483.7500000000000        28.509051421307706     
   2493.2500000000000        29.771992023754308     
   2502.7500000000000        31.684943107313931     
   2512.2500000000000        33.468620713020400     
   2521.7500000000000        34.840434039462643     
   2531.2500000000000        35.962542787431417     
   2540.7500000000000        37.161780623855122     
   2550.2500000000000        38.758603064503646     
   2559.7500000000000        40.321040378122788     
   2569.2500000000000        41.767205774489213     
   2578.7500000000000        43.211200001249274     
   2588.2500000000000        44.663057298509322     
   2597.7500000000000        46.192526821121334     
   2607.2500000000000        47.523148591816621     
   2616.7500000000000        48.971996462355349     
   2626.2500000000000        50.387997780549981     
   2635.7500000000000        0.0000000000000000     
   2645.2500000000000        0.0000000000000000     
