   1704.7500000000000        0.0000000000000000     
   1714.2500000000000        0.0000000000000000     
   1723.7500000000000        0.0000000000000000     
   1733.2500000000000        28.565327677131581     
   1742.7500000000000        23.742920432282144     
   1752.2500000000000        19.547508410018160     
   1761.7500000000000        15.793171670110064     
   1771.2500000000000        12.110929110918669     
   1780.7500000000000        8.6370334843131875     
   1790.2500000000000        5.3092292120421929     
   1799.7500000000000        2.0526138684367079     
   1809.2500000000000       -1.2480368210505290     
   1818.7500000000000       -4.7448343881747528     
   1828.2500000000000       -8.1294035926631096     
   1837.7500000000000       -11.348323665871298     
   1847.2500000000000       -14.172317292781214     
   1856.7500000000000       -16.412914959627280     
   1866.2500000000000       -18.425274993179308     
   1875.7500000000000       -20.324084144350095     
   1885.2500000000000       -21.971841524198702     
   1894.7500000000000       -23.444394268232116     
   1904.2500000000000       -24.885862449447874     
   1913.7500000000000       -26.179326824194902     
   1923.2500000000000       -27.176437602497352     
   1932.7500000000000       -27.991687093864684     
   1942.2500000000000       -28.725496567187072     
   1951.7500000000000       -29.642003944792879     
   1961.2500000000000       -30.526284923790811     
   1970.7500000000000       -31.202014446846235     
   1980.2500000000000       -31.660735245884489     
   1989.7500000000000       -31.727216510218440     
   1999.2500000000000       -31.563880355877188     
   2008.7500000000000       -31.277307077591075     
   2018.2500000000000       -30.961128831789104     
   2027.7500000000000       -30.820217333462040     
   2037.2500000000000       -30.602878105566020     
   2046.7500000000000       -30.309706448343732     
   2056.2500000000000       -29.893837123896173     
   2065.7500000000000       -29.197094543685704     
   2075.2500000000000       -28.282108390381840     
   2084.7500000000000       -27.296199155705651     
   2094.2500000000000       -26.115786883112687     
   2103.7500000000000       -24.713980035666694     
   2113.2500000000000       -23.327203849839204     
   2122.7500000000000       -22.113741361096587     
   2132.2500000000000       -20.946251258149520     
   2141.7500000000000       -19.536836854948444     
   2151.2500000000000       -17.915998082812642     
   2160.7500000000000       -16.349263132696791     
   2170.2500000000000       -14.910799709312926     
   2179.7500000000000       -13.322538135393303     
   2189.2500000000000       -11.475369559551821     
   2198.7500000000000       -9.6638589354917688     
   2208.2500000000000       -7.9247605549619262     
   2217.7500000000000       -6.1558167617225177     
   2227.2500000000000       -4.1062132052629430     
   2236.7500000000000       -1.9662485475283733     
   2246.2500000000000       -3.8129945113891663E-004
   2255.7500000000000        1.9175546015754352     
   2265.2500000000000        4.0903342135113148     
   2274.7500000000000        6.7917168469932614     
   2284.2500000000000        9.5803310756129303     
   2293.7500000000000        11.814244940580798     
   2303.2500000000000        13.404948723196370     
   2312.7500000000000        14.507352386233888     
   2322.2500000000000        15.491767503248530     
   2331.7500000000000        16.890334901541678     
   2341.2500000000000        18.927883845951833     
   2350.7500000000000        21.119074708931024     
   2360.2500000000000        23.437474948016447     
   2369.7500000000000        26.120332749692384     
   2379.2500000000000        28.854648423554924     
   2388.7500000000000        31.438144736805185     
   2398.2500000000000        34.194219207019330     
   2407.7500000000000        37.416054233836029     
   2417.2500000000000        40.646087653862466     
   2426.7500000000000        43.445762124849786     
   2436.2500000000000        46.016774544120516     
   2445.7500000000000        48.649020382372193     
   2455.2500000000000        51.838663414735421     
   2464.7500000000000        55.220755742541968     
   2474.2500000000000        58.008065083949404     
   2483.7500000000000        60.394690656527040     
   2493.2500000000000        62.529642623869712     
   2502.7500000000000        64.577566944863491     
   2512.2500000000000        66.653310624320113     
   2521.7500000000000        69.088663856315790     
   2531.2500000000000        71.513206573497627     
   2540.7500000000000        73.639244228635164     
   2550.2500000000000        75.475354823431203     
   2559.7500000000000        77.243469005064739     
   2569.2500000000000        78.941806774025039     
   2578.7500000000000        80.652170722749588     
   2588.2500000000000        82.311854342440881     
   2597.7500000000000        84.088815505080646     
   2607.2500000000000        85.750521699181832     
   2616.7500000000000        88.114809055346910     
   2626.2500000000000        0.0000000000000000     
   2635.7500000000000        0.0000000000000000     
   2645.2500000000000        0.0000000000000000     
