   1704.7500000000000        0.0000000000000000     
   1714.2500000000000        0.0000000000000000     
   1723.7500000000000        70.658402473828119     
   1733.2500000000000        65.673336618707779     
   1742.7500000000000        60.573687702141832     
   1752.2500000000000        56.034552824334384     
   1761.7500000000000        51.567566519959101     
   1771.2500000000000        47.180655943204009     
   1780.7500000000000        42.795841695936367     
   1790.2500000000000        38.368897558302038     
   1799.7500000000000        34.597091717478229     
   1809.2500000000000        31.410300297112226     
   1818.7500000000000        28.128128095530549     
   1828.2500000000000        24.541809499873899     
   1837.7500000000000        20.336801516213271     
   1847.2500000000000        16.375816340857888     
   1856.7500000000000        12.812498888558070     
   1866.2500000000000        9.2694472865470878     
   1875.7500000000000        5.8794340314540170     
   1885.2500000000000        3.4498879522181460     
   1894.7500000000000        1.2488666253701712     
   1904.2500000000000       -1.1359084666598716     
   1913.7500000000000       -3.8793450263628304     
   1923.2500000000000       -6.4379632284835013     
   1932.7500000000000       -8.5309279529444098     
   1942.2500000000000       -10.547888739636793     
   1951.7500000000000       -12.666045661296563     
   1961.2500000000000       -14.803397378204705     
   1970.7500000000000       -16.491067649851008     
   1980.2500000000000       -18.110276766677035     
   1989.7500000000000       -19.760512212413577     
   1999.2500000000000       -21.386240868702629     
   2008.7500000000000       -22.557782896670020     
   2018.2500000000000       -23.557703627841555     
   2027.7500000000000       -24.530832044052318     
   2037.2500000000000       -25.495764317424864     
   2046.7500000000000       -26.500540468281450     
   2056.2500000000000       -27.369437572760702     
   2065.7500000000000       -28.125835981119206     
   2075.2500000000000       -28.823884182077006     
   2084.7500000000000       -29.335288423464998     
   2094.2500000000000       -29.539935239100675     
   2103.7500000000000       -29.578127873617710     
   2113.2500000000000       -29.523768640746034     
   2122.7500000000000       -29.321395019923571     
   2132.2500000000000       -28.845123773836868     
   2141.7500000000000       -28.279501098719564     
   2151.2500000000000       -27.679445642515983     
   2160.7500000000000       -27.074587697375904     
   2170.2500000000000       -26.381270257779356     
   2179.7500000000000       -25.533882998604913     
   2189.2500000000000       -24.608724620121073     
   2198.7500000000000       -23.643694932447996     
   2208.2500000000000       -22.561489471206919     
   2217.7500000000000       -21.277973009572868     
   2227.2500000000000       -20.086937685883765     
   2236.7500000000000       -18.957067042711969     
   2246.2500000000000       -17.797954525610166     
   2255.7500000000000       -16.001290854069861     
   2265.2500000000000       -14.147012563161406     
   2274.7500000000000       -12.630861385195345     
   2284.2500000000000       -11.294593233083786     
   2293.7500000000000       -9.9340970376236530     
   2303.2500000000000       -8.0996981479787760     
   2312.7500000000000       -6.4773701591005688     
   2322.2500000000000       -5.1503499640122570     
   2331.7500000000000       -3.8402532033251595     
   2341.2500000000000       -2.4471232955291704     
   2350.7500000000000      -0.64383885642746885     
   2360.2500000000000        1.3482617934762302     
   2369.7500000000000        3.1668694791968797     
   2379.2500000000000        4.9293978005568757     
   2388.7500000000000        7.0374731204106347     
   2398.2500000000000        9.6522866999642538     
   2407.7500000000000        11.738554487755890     
   2417.2500000000000        13.455932666320448     
   2426.7500000000000        15.136399920089570     
   2436.2500000000000        17.050635034271355     
   2445.7500000000000        19.889447646374084     
   2455.2500000000000        22.339429946201410     
   2464.7500000000000        24.099531901235732     
   2474.2500000000000        25.650912032766872     
   2483.7500000000000        27.192448377806670     
   2493.2500000000000        29.089291499954957     
   2502.7500000000000        31.302831914473597     
   2512.2500000000000        33.268796494812321     
   2521.7500000000000        35.102966101593672     
   2531.2500000000000        37.065588995458938     
   2540.7500000000000        39.744410618544542     
   2550.2500000000000        42.433940225434867     
   2559.7500000000000        44.834607765278093     
   2569.2500000000000        47.121713616555823     
   2578.7500000000000        49.337205527836907     
   2588.2500000000000        51.479540279314065     
   2597.7500000000000        53.665940313128971     
   2607.2500000000000        55.854014721772110     
   2616.7500000000000        57.657755038643799     
   2626.2500000000000        0.0000000000000000     
   2635.7500000000000        0.0000000000000000     
   2645.2500000000000        0.0000000000000000     
