   1704.7500000000000        0.0000000000000000     
   1714.2500000000000        0.0000000000000000     
   1723.7500000000000        0.0000000000000000     
   1733.2500000000000        0.0000000000000000     
   1742.7500000000000        80.969469768566981     
   1752.2500000000000        76.678934445333979     
   1761.7500000000000        71.913959554397039     
   1771.2500000000000        67.175911723626001     
   1780.7500000000000        62.613960870206682     
   1790.2500000000000        58.191311635915326     
   1799.7500000000000        53.853031039726254     
   1809.2500000000000        49.393691798529552     
   1818.7500000000000        44.845692753979399     
   1828.2500000000000        40.867201626291369     
   1837.7500000000000        37.165321670263005     
   1847.2500000000000        33.301577422015875     
   1856.7500000000000        29.269491503306302     
   1866.2500000000000        25.672345189612980     
   1875.7500000000000        22.284253247944605     
   1885.2500000000000        18.814034821635239     
   1894.7500000000000        15.207950353872963     
   1904.2500000000000        12.054858053202349     
   1913.7500000000000        9.2960542933849837     
   1923.2500000000000        6.6048439097365046     
   1932.7500000000000        3.7155635200612522     
   1942.2500000000000       0.95834204347469554     
   1951.7500000000000       -1.5075136377883147     
   1961.2500000000000       -3.8204730158389251     
   1970.7500000000000       -5.7660050538623997     
   1980.2500000000000       -7.1909466451986432     
   1989.7500000000000       -8.5697845926499365     
   1999.2500000000000       -10.136465633659940     
   2008.7500000000000       -12.007693613118281     
   2018.2500000000000       -13.516170756826769     
   2027.7500000000000       -14.748807791405314     
   2037.2500000000000       -15.985893410290991     
   2046.7500000000000       -17.172132112911196     
   2056.2500000000000       -17.853730233423601     
   2065.7500000000000       -18.400089839265419     
   2075.2500000000000       -19.177177092819001     
   2084.7500000000000       -20.338118276366036     
   2094.2500000000000       -21.721264651898423     
   2103.7500000000000       -22.916892506709168     
   2113.2500000000000       -23.836390900469709     
   2122.7500000000000       -24.773548759932176     
   2132.2500000000000       -25.610376136560586     
   2141.7500000000000       -25.990069473611761     
   2151.2500000000000       -25.990164090342855     
   2160.7500000000000       -25.928730181018146     
   2170.2500000000000       -25.901659926393499     
   2179.7500000000000       -25.824290098969385     
   2189.2500000000000       -25.620962091346282     
   2198.7500000000000       -25.319985053851088     
   2208.2500000000000       -24.929034458060613     
   2217.7500000000000       -24.484830765259140     
   2227.2500000000000       -24.127603755341614     
   2236.7500000000000       -23.707502248969284     
   2246.2500000000000       -23.209927457460136     
   2255.7500000000000       -22.545548944832870     
   2265.2500000000000       -21.609232904163587     
   2274.7500000000000       -20.559462904406718     
   2284.2500000000000       -19.479805468952417     
   2293.7500000000000       -18.302392373447148     
   2303.2500000000000       -17.034669818162762     
   2312.7500000000000       -15.794494427531701     
   2322.2500000000000       -14.576634528860337     
   2331.7500000000000       -13.355862730481798     
   2341.2500000000000       -12.016446619378582     
   2350.7500000000000       -10.306002416654360     
   2360.2500000000000       -8.5419044701321667     
   2369.7500000000000       -6.7867518133805147     
   2379.2500000000000       -4.9767144011551432     
   2388.7500000000000       -2.9530421975528034     
   2398.2500000000000       -1.0413346300117166     
   2407.7500000000000       0.63470850905486820     
   2417.2500000000000        2.1943132377884660     
   2426.7500000000000        3.8414733076292888     
   2436.2500000000000        5.7883955781618015     
   2445.7500000000000        7.8602694033853506     
   2455.2500000000000        9.6219572678686429     
   2464.7500000000000        11.323714119407834     
   2474.2500000000000        13.135050050085486     
   2483.7500000000000        15.525273972281456     
   2493.2500000000000        18.097598078887778     
   2502.7500000000000        20.211116521403031     
   2512.2500000000000        22.023208934570718     
   2521.7500000000000        23.767913404259204     
   2531.2500000000000        25.830609666728666     
   2540.7500000000000        28.142826301947885     
   2550.2500000000000        30.273758119594429     
   2559.7500000000000        32.267439703225797     
   2569.2500000000000        34.316336477916479     
   2578.7500000000000        36.459941040597521     
   2588.2500000000000        38.703648054636290     
   2597.7500000000000        40.970196233082362     
   2607.2500000000000        43.502198277262657     
   2616.7500000000000        0.0000000000000000     
   2626.2500000000000        0.0000000000000000     
   2635.7500000000000        0.0000000000000000     
   2645.2500000000000        0.0000000000000000     
